#Time      %usr %system   %CPU   CPU     cswch/s nvcswch/s  Command
01001      1.00    0.00   1.00     0        7.00      0.00  perl
01002      0.00    0.00   0.00     0       15.00      0.00  perl
01003     10.00    5.00  15.00     0       99.00     15.00  perl
01004     25.00   12.00  37.00     0      724.00     25.00  perl
01005     28.00   12.00  40.00     0     1276.00     24.00  perl
01006     27.00   14.00  41.00     0     1087.00     29.00  perl
01007     25.00   13.00  38.00     0      950.00     26.00  perl
01008     25.00   13.00  38.00     0      965.00     24.00  perl
01009     23.00    6.00  29.00     4      415.00     12.00  perl
01010     21.00   14.00  35.00     0      456.00     22.00  perl
01011     22.00   13.00  35.00     0      528.00     25.00  perl
01012     29.00   16.00  45.00     0     1075.00     36.00  perl
01013     30.00   11.00  41.00     0     1011.00     24.00  perl
01014     31.00   14.00  45.00     0     1044.00     29.00  perl
01015     30.00   12.00  42.00     0      859.00     19.00  perl
01016     35.00   13.00  48.00     1     1264.00     25.00  perl
01017     21.00   11.00  32.00     0      551.00     28.00  perl
01018     26.00   14.00  40.00     0      923.00     27.00  perl
01019     31.00   17.00  48.00     0     1191.00     27.00  perl
01020     35.00   12.00  47.00     4     1396.00     19.00  perl
01021     35.00   12.00  47.00     0     1341.00     28.00  perl
01022     32.00   14.00  46.00     0     1696.00     17.00  perl
01023     35.00   15.00  50.00     0     1503.00     31.00  perl
01024     33.00   14.00  47.00     1     1561.00     21.00  perl
01025     38.00    7.00  45.00     1     1599.00     14.00  perl
01026     33.00   13.00  46.00     0     1265.00     20.00  perl
01027     38.00   13.00  51.00     0     1241.00     31.00  perl
01028     40.00   15.00  55.00     1     1574.00     20.00  perl
01029     39.00   15.00  54.00     1     1651.00     20.00  perl
01030     41.00   17.00  58.00     0     1453.00     30.00  perl
01031     29.00   16.00  45.00     0      813.00     38.00  perl
01032     33.00   20.00  53.00     0      991.00     37.00  perl
01033     36.00   19.00  55.00     0     1448.00     39.00  perl
01034     40.00   21.00  61.00     0     1196.00     37.00  perl
01035     41.00   21.00  62.00     0     1188.00     39.00  perl
01036     45.00   15.00  60.00     1     1662.00     24.00  perl
01037     41.00   20.00  61.00     0     1836.00     30.00  perl
01038     46.00   20.00  66.00     3     1857.00     37.00  perl
01039     44.00   18.00  62.00     0     2000.00     36.00  perl
01040     52.00   12.00  64.00     0     1929.00     22.00  perl
01041     42.00   20.00  62.00     0     2035.00     31.00  perl
01042     43.00   15.00  58.00     0     2173.00     37.00  perl
01043     32.00   15.00  47.00     0     1182.00     29.00  perl
01044     28.00   17.00  45.00     0     1316.00     35.00  perl
01045     34.00   11.00  45.00     1     1638.00     15.00  perl
01046     34.00   10.00  44.00     0     1236.00     16.00  perl
01047     30.00    9.00  39.00     0      892.00     19.00  perl
01048     32.00   17.00  49.00     1     1156.00     36.00  perl
01049     32.00   17.00  49.00     0     1490.00     29.00  perl
01050     33.00   13.00  46.00     0     1608.00     30.00  perl
01051     30.00   15.00  45.00     0     1440.00     31.00  perl
01052     23.00   10.00  33.00     0      621.00     23.00  perl
01053     23.00   13.00  36.00     0      854.00     25.00  perl
01054     28.00    7.00  35.00     0      849.00     18.00  perl
01055     25.00   12.00  37.00     0      808.00     26.00  perl
01056     23.00   11.00  34.00     0      735.00     22.00  perl
01057     30.00    8.00  38.00     0      845.00     17.00  perl
01058     29.00   11.00  40.00     0     1266.00     17.00  perl
01059     25.00   16.00  41.00     0     1130.00     27.00  perl
01060     28.00   13.00  41.00     1     1106.00     23.00  perl
01061     31.00    6.00  37.00     2     1025.00      8.00  perl
01062     19.00    4.00  23.00     2      624.00      9.00  perl
01063      0.00    0.00   0.00     0        7.00      0.00  perl
01064      0.00    0.00   0.00     0        7.00      0.00  perl
