#Time     %usr %system     %CPU   CPU     cswch/s nvcswch/s  Command
97360     0.00    0.00     0.00     0        3.00      4.00  perl
97361     0.00    0.00     0.00     0       10.00      4.00  perl
97362     9.00    6.00    15.00     0      122.00     13.00  perl
97363    25.00   11.00    36.00     0      769.00     28.00  perl
97364    28.00    8.00    36.00     0     1216.00     22.00  perl
97365    26.00   13.00    39.00     0     1101.00     22.00  perl
97366    25.00   12.00    37.00     0      904.00     25.00  perl
97367    30.00   10.00    40.00     0      884.00     21.00  perl
97368    21.00    8.00    29.00     0      424.00     19.00  perl
97369    23.00    9.00    32.00     0      525.00     22.00  perl
97370    24.00   13.00    37.00     0      557.00     24.00  perl
97371    28.00   14.00    42.00     0     1157.00     26.00  perl
97372    25.00   13.00    38.00     0     1095.00     28.00  perl
97373    29.00   12.00    41.00     1     1260.00     22.00  perl
97374    23.00   15.00    38.00     0     1035.00     30.00  perl
97375    37.00    9.00    46.00     0     1296.00     14.00  perl
97376    22.00    9.00    31.00     0      619.00     23.00  perl
97377    29.00   12.00    41.00     0      888.00     20.00  perl
97378    32.00   13.00    45.00     0     1147.00     23.00  perl
97379    30.00   16.00    46.00     0     1229.00     27.00  perl
97380    34.00   11.00    45.00     0     1328.00     25.00  perl
97381    33.00   11.00    44.00     0     1494.00     23.00  perl
97382    31.00   14.00    45.00     0     1595.00     22.00  perl
97383    29.00   14.00    43.00     0     1485.00     24.00  perl
97384    29.00   16.00    45.00     0     1374.00     29.00  perl
97385    28.00   18.00    46.00     0     1111.00     32.00  perl
97386    35.00   12.00    47.00     0     1369.00     27.00  perl
97387    36.00   15.00    51.00     0     1546.00     28.00  perl
97388    31.00   19.00    50.00     2     1697.00     24.00  perl
97389    38.00   16.00    54.00     0     1583.00     26.00  perl
97390    30.00   13.00    43.00     0     1046.00     23.00  perl
97391    31.00   18.00    49.00     0     1183.00     41.00  perl
97392    37.00   17.00    54.00     0     1461.00     32.00  perl
97393    39.00   16.00    55.00     0     1526.00     30.00  perl
97394    40.00   16.00    56.00     0     1533.00     31.00  perl
97395    41.00   13.00    54.00     4     1692.00     27.00  perl
97396    43.00   12.00    55.00     0     2033.00     19.00  perl
97397    43.00   17.00    60.00     0     1989.00     33.00  perl
97398    39.00   20.00    59.00     0     2010.00     38.00  perl
97399    37.00   22.00    59.00     0     2061.00     42.00  perl
97400    43.00   16.00    59.00     0     2006.00     34.00  perl
97401    43.00   13.00    56.00     0     2031.00     25.00  perl
97402    32.00   13.00    45.00     0     1407.00     23.00  perl
97403    27.00   15.00    42.00     0     1236.00     30.00  perl
97404    34.00   12.00    46.00     0     1245.00     26.00  perl
97405    29.00   15.00    44.00     0      969.00     39.00  perl
97406    30.00   12.00    42.00     0      791.00     21.00  perl
97407    30.00   15.00    45.00     0     1250.00     31.00  perl
97408    31.00   15.00    46.00     0     1471.00     34.00  perl
97409    32.00   18.00    50.00     0     1391.00     36.00  perl
97410    31.00   13.00    44.00     0     1346.00     24.00  perl
97411    22.00   11.00    33.00     0      586.00     25.00  perl
97412    29.00   10.00    39.00     0      786.00     18.00  perl
97413    22.00   13.00    35.00     0      757.00     20.00  perl
97414    25.00   11.00    36.00     0      827.00     21.00  perl
97415    25.00   10.00    35.00     0      685.00     24.00  perl
97416    26.00   12.00    38.00     0      841.00     24.00  perl
97417    28.00   12.00    40.00     0     1117.00     22.00  perl
97418    27.00   14.00    41.00     0     1001.00     23.00  perl
97419    28.00   11.00    39.00     0     1007.00     22.00  perl
97420    23.00   15.00    38.00     0      820.00     30.00  perl
97421    15.00   10.00    25.00     0      533.00     18.00  perl
97422     0.00    0.00     0.00     0        3.00      4.00  perl
97423     0.00    0.00     0.00     0        3.00      4.00  perl
