#      Time   UID       PID    %usr %system  %guest    %CPU   CPU  minflt/s  majflt/s     VSZ    RSS   %MEM   kB_rd/s   kB_wr/s kB_ccwr/s   cswch/s nvcswch/s  Command
 1455101001     0      7878    1.00    0.00    0.00    1.00     0      0.00      0.00   13716   9796   0.12      0.00      0.00      0.00      7.00      0.00  perl
 1455101002     0      7878    0.00    0.00    0.00    0.00     0     17.00      0.00   13716   9796   0.12      0.00      0.00      0.00     15.00      0.00  perl
 1455101003     0      7878   10.00    5.00    0.00   15.00     0      0.00      0.00   13716   9796   0.12      0.00      0.00      0.00     99.00     15.00  perl
 1455101004     0      7878   25.00   12.00    0.00   37.00     0      0.00      0.00   13716   9796   0.12      0.00      0.00      0.00    724.00     25.00  perl
 1455101005     0      7878   28.00   12.00    0.00   40.00     0      0.00      0.00   13716   9796   0.12      0.00      0.00      0.00   1276.00     24.00  perl
 1455101006     0      7878   27.00   14.00    0.00   41.00     0      0.00      0.00   13716   9796   0.12      0.00      0.00      0.00   1087.00     29.00  perl
 1455101007     0      7878   25.00   13.00    0.00   38.00     0      0.00      0.00   13716   9796   0.12      0.00      0.00      0.00    950.00     26.00  perl
 1455101008     0      7878   25.00   13.00    0.00   38.00     0      0.00      0.00   13716   9796   0.12      0.00      0.00      0.00    965.00     24.00  perl
 1455101009     0      7878   23.00    6.00    0.00   29.00     4      0.00      0.00   13716   9796   0.12      0.00      0.00      0.00    415.00     12.00  perl
 1455101010     0      7878   21.00   14.00    0.00   35.00     0      0.00      0.00   13716   9796   0.12      0.00      0.00      0.00    456.00     22.00  perl
 1455101011     0      7878   22.00   13.00    0.00   35.00     0      0.00      0.00   13716   9796   0.12      0.00      0.00      0.00    528.00     25.00  perl
 1455101012     0      7878   29.00   16.00    0.00   45.00     0      0.00      0.00   13716   9796   0.12      0.00      0.00      0.00   1075.00     36.00  perl
 1455101013     0      7878   30.00   11.00    0.00   41.00     0      0.00      0.00   13716   9796   0.12      0.00      0.00      0.00   1011.00     24.00  perl
 1455101014     0      7878   31.00   14.00    0.00   45.00     0      0.00      0.00   13716   9796   0.12      0.00      0.00      0.00   1044.00     29.00  perl
 1455101015     0      7878   30.00   12.00    0.00   42.00     0      0.00      0.00   13716   9796   0.12      0.00      0.00      0.00    859.00     19.00  perl
 1455101016     0      7878   35.00   13.00    0.00   48.00     1      0.00      0.00   13716   9796   0.12      0.00      0.00      0.00   1264.00     25.00  perl
 1455101017     0      7878   21.00   11.00    0.00   32.00     0      0.00      0.00   13716   9796   0.12      0.00      0.00      0.00    551.00     28.00  perl
 1455101018     0      7878   26.00   14.00    0.00   40.00     0      0.00      0.00   13716   9796   0.12      0.00      0.00      0.00    923.00     27.00  perl
 1455101019     0      7878   31.00   17.00    0.00   48.00     0      0.00      0.00   13716   9796   0.12      0.00      0.00      0.00   1191.00     27.00  perl
 1455101020     0      7878   35.00   12.00    0.00   47.00     4      0.00      0.00   13716   9796   0.12      0.00      0.00      0.00   1396.00     19.00  perl
 1455101021     0      7878   35.00   12.00    0.00   47.00     0      0.00      0.00   13716   9796   0.12      0.00      0.00      0.00   1341.00     28.00  perl
 1455101022     0      7878   32.00   14.00    0.00   46.00     0      0.00      0.00   13716   9796   0.12      0.00      0.00      0.00   1696.00     17.00  perl
 1455101023     0      7878   35.00   15.00    0.00   50.00     0      0.00      0.00   13716   9796   0.12      0.00      0.00      0.00   1503.00     31.00  perl
 1455101024     0      7878   33.00   14.00    0.00   47.00     1      0.00      0.00   13716   9796   0.12      0.00      0.00      0.00   1561.00     21.00  perl
 1455101025     0      7878   38.00    7.00    0.00   45.00     1      0.00      0.00   13716   9796   0.12      0.00      0.00      0.00   1599.00     14.00  perl
 1455101026     0      7878   33.00   13.00    0.00   46.00     0      0.00      0.00   13716   9796   0.12      0.00      0.00      0.00   1265.00     20.00  perl
 1455101027     0      7878   38.00   13.00    0.00   51.00     0      0.00      0.00   13716   9796   0.12      0.00      0.00      0.00   1241.00     31.00  perl
 1455101028     0      7878   40.00   15.00    0.00   55.00     1      0.00      0.00   13716   9796   0.12      0.00      0.00      0.00   1574.00     20.00  perl
 1455101029     0      7878   39.00   15.00    0.00   54.00     1      0.00      0.00   13716   9796   0.12      0.00      0.00      0.00   1651.00     20.00  perl
 1455101030     0      7878   41.00   17.00    0.00   58.00     0      0.00      0.00   13716   9796   0.12      0.00      0.00      0.00   1453.00     30.00  perl
 1455101031     0      7878   29.00   16.00    0.00   45.00     0      0.00      0.00   13716   9796   0.12      0.00      0.00      0.00    813.00     38.00  perl
 1455101032     0      7878   33.00   20.00    0.00   53.00     0      0.00      0.00   13716   9796   0.12      0.00      0.00      0.00    991.00     37.00  perl
 1455101033     0      7878   36.00   19.00    0.00   55.00     0      0.00      0.00   13716   9796   0.12      0.00      0.00      0.00   1448.00     39.00  perl
 1455101034     0      7878   40.00   21.00    0.00   61.00     0      0.00      0.00   13716   9796   0.12      0.00      0.00      0.00   1196.00     37.00  perl
 1455101035     0      7878   41.00   21.00    0.00   62.00     0      0.00      0.00   13716   9796   0.12      0.00      0.00      0.00   1188.00     39.00  perl
 1455101036     0      7878   45.00   15.00    0.00   60.00     1      0.00      0.00   13716   9796   0.12      0.00      0.00      0.00   1662.00     24.00  perl
 1455101037     0      7878   41.00   20.00    0.00   61.00     0      0.00      0.00   13716   9796   0.12      0.00      0.00      0.00   1836.00     30.00  perl
 1455101038     0      7878   46.00   20.00    0.00   66.00     3      0.00      0.00   13716   9796   0.12      0.00      0.00      0.00   1857.00     37.00  perl
 1455101039     0      7878   44.00   18.00    0.00   62.00     0      0.00      0.00   13716   9796   0.12      0.00      0.00      0.00   2000.00     36.00  perl
 1455101040     0      7878   52.00   12.00    0.00   64.00     0      0.00      0.00   13716   9796   0.12      0.00      0.00      0.00   1929.00     22.00  perl
 1455101041     0      7878   42.00   20.00    0.00   62.00     0      0.00      0.00   13716   9796   0.12      0.00      0.00      0.00   2035.00     31.00  perl
 1455101042     0      7878   43.00   15.00    0.00   58.00     0      0.00      0.00   13716   9796   0.12      0.00      0.00      0.00   2173.00     37.00  perl
 1455101043     0      7878   32.00   15.00    0.00   47.00     0      0.00      0.00   13716   9796   0.12      0.00      0.00      0.00   1182.00     29.00  perl
 1455101044     0      7878   28.00   17.00    0.00   45.00     0      0.00      0.00   13716   9796   0.12      0.00      0.00      0.00   1316.00     35.00  perl
 1455101045     0      7878   34.00   11.00    0.00   45.00     1      0.00      0.00   13716   9796   0.12      0.00      0.00      0.00   1638.00     15.00  perl
 1455101046     0      7878   34.00   10.00    0.00   44.00     0      0.00      0.00   13716   9796   0.12      0.00      0.00      0.00   1236.00     16.00  perl
 1455101047     0      7878   30.00    9.00    0.00   39.00     0      0.00      0.00   13716   9796   0.12      0.00      0.00      0.00    892.00     19.00  perl
 1455101048     0      7878   32.00   17.00    0.00   49.00     1      0.00      0.00   13716   9796   0.12      0.00      0.00      0.00   1156.00     36.00  perl
 1455101049     0      7878   32.00   17.00    0.00   49.00     0      0.00      0.00   13716   9796   0.12      0.00      0.00      0.00   1490.00     29.00  perl
 1455101050     0      7878   33.00   13.00    0.00   46.00     0      0.00      0.00   13716   9796   0.12      0.00      0.00      0.00   1608.00     30.00  perl
 1455101051     0      7878   30.00   15.00    0.00   45.00     0      0.00      0.00   13716   9796   0.12      0.00      0.00      0.00   1440.00     31.00  perl
 1455101052     0      7878   23.00   10.00    0.00   33.00     0      0.00      0.00   13716   9796   0.12      0.00      0.00      0.00    621.00     23.00  perl
 1455101053     0      7878   23.00   13.00    0.00   36.00     0      0.00      0.00   13716   9796   0.12      0.00      0.00      0.00    854.00     25.00  perl
 1455101054     0      7878   28.00    7.00    0.00   35.00     0      0.00      0.00   13716   9796   0.12      0.00      0.00      0.00    849.00     18.00  perl
 1455101055     0      7878   25.00   12.00    0.00   37.00     0      0.00      0.00   13716   9796   0.12      0.00      0.00      0.00    808.00     26.00  perl
 1455101056     0      7878   23.00   11.00    0.00   34.00     0      0.00      0.00   13716   9796   0.12      0.00      0.00      0.00    735.00     22.00  perl
 1455101057     0      7878   30.00    8.00    0.00   38.00     0      0.00      0.00   13716   9796   0.12      0.00      0.00      0.00    845.00     17.00  perl
 1455101058     0      7878   29.00   11.00    0.00   40.00     0      0.00      0.00   13716   9796   0.12      0.00      0.00      0.00   1266.00     17.00  perl
 1455101059     0      7878   25.00   16.00    0.00   41.00     0      0.00      0.00   13716   9796   0.12      0.00      0.00      0.00   1130.00     27.00  perl
 1455101060     0      7878   28.00   13.00    0.00   41.00     1      0.00      0.00   13716   9796   0.12      0.00      0.00      0.00   1106.00     23.00  perl
 1455101061     0      7878   31.00    6.00    0.00   37.00     2      0.00      0.00   13716   9796   0.12      0.00      0.00      0.00   1025.00      8.00  perl
 1455101062     0      7878   19.00    4.00    0.00   23.00     2      0.00      0.00   13716   9796   0.12      0.00      0.00      0.00    624.00      9.00  perl
 1455101063     0      7878    0.00    0.00    0.00    0.00     0      0.00      0.00   13716   9796   0.12      0.00      0.00      0.00      7.00      0.00  perl
 1455101064     0      7878    0.00    0.00    0.00    0.00     0      0.00      0.00   13716   9796   0.12      0.00      0.00      0.00      7.00      0.00  perl
