#      Time   UID       PID    %usr %system  %guest    %CPU   CPU  minflt/s  majflt/s     VSZ    RSS   %MEM   kB_rd/s   kB_wr/s kB_ccwr/s   cswch/s nvcswch/s  Command
 1455097360     0      9087    0.00    0.00    0.00    0.00     0      0.00      0.00   13408   9712   0.12      0.00      0.00      0.00      3.00      4.00  perl
 1455097361     0      9087    0.00    0.00    0.00    0.00     0      8.00      0.00   13408   9712   0.12      0.00      0.00      0.00     10.00      4.00  perl
 1455097362     0      9087    9.00    6.00    0.00   15.00     0      0.00      0.00   13408   9712   0.12      0.00      0.00      0.00    122.00     13.00  perl
 1455097363     0      9087   25.00   11.00    0.00   36.00     0      0.00      0.00   13408   9712   0.12      0.00      0.00      0.00    769.00     28.00  perl
 1455097364     0      9087   28.00    8.00    0.00   36.00     0      0.00      0.00   13408   9712   0.12      0.00      0.00      0.00   1216.00     22.00  perl
 1455097365     0      9087   26.00   13.00    0.00   39.00     0      0.00      0.00   13408   9712   0.12      0.00      0.00      0.00   1101.00     22.00  perl
 1455097366     0      9087   25.00   12.00    0.00   37.00     0      0.00      0.00   13408   9712   0.12      0.00      0.00      0.00    904.00     25.00  perl
 1455097367     0      9087   30.00   10.00    0.00   40.00     0      0.00      0.00   13408   9712   0.12      0.00      0.00      0.00    884.00     21.00  perl
 1455097368     0      9087   21.00    8.00    0.00   29.00     0      0.00      0.00   13408   9712   0.12      0.00      0.00      0.00    424.00     19.00  perl
 1455097369     0      9087   23.00    9.00    0.00   32.00     0      0.00      0.00   13408   9712   0.12      0.00      0.00      0.00    525.00     22.00  perl
 1455097370     0      9087   24.00   13.00    0.00   37.00     0      0.00      0.00   13408   9712   0.12      0.00      0.00      0.00    557.00     24.00  perl
 1455097371     0      9087   28.00   14.00    0.00   42.00     0      0.00      0.00   13408   9712   0.12      0.00      0.00      0.00   1157.00     26.00  perl
 1455097372     0      9087   25.00   13.00    0.00   38.00     0      0.00      0.00   13408   9712   0.12      0.00      0.00      0.00   1095.00     28.00  perl
 1455097373     0      9087   29.00   12.00    0.00   41.00     1      0.00      0.00   13408   9712   0.12      0.00      0.00      0.00   1260.00     22.00  perl
 1455097374     0      9087   23.00   15.00    0.00   38.00     0      0.00      0.00   13408   9712   0.12      0.00      0.00      0.00   1035.00     30.00  perl
 1455097375     0      9087   37.00    9.00    0.00   46.00     0      0.00      0.00   13408   9712   0.12      0.00      0.00      0.00   1296.00     14.00  perl
 1455097376     0      9087   22.00    9.00    0.00   31.00     0      0.00      0.00   13408   9712   0.12      0.00      0.00      0.00    619.00     23.00  perl
 1455097377     0      9087   29.00   12.00    0.00   41.00     0      0.00      0.00   13408   9712   0.12      0.00      0.00      0.00    888.00     20.00  perl
 1455097378     0      9087   32.00   13.00    0.00   45.00     0      0.00      0.00   13408   9712   0.12      0.00      0.00      0.00   1147.00     23.00  perl
 1455097379     0      9087   30.00   16.00    0.00   46.00     0      0.00      0.00   13408   9712   0.12      0.00      0.00      0.00   1229.00     27.00  perl
 1455097380     0      9087   34.00   11.00    0.00   45.00     0      0.00      0.00   13408   9712   0.12      0.00      0.00      0.00   1328.00     25.00  perl
 1455097381     0      9087   33.00   11.00    0.00   44.00     0      0.00      0.00   13408   9712   0.12      0.00      0.00      0.00   1494.00     23.00  perl
 1455097382     0      9087   31.00   14.00    0.00   45.00     0      0.00      0.00   13408   9712   0.12      0.00      0.00      0.00   1595.00     22.00  perl
 1455097383     0      9087   29.00   14.00    0.00   43.00     0      0.00      0.00   13408   9712   0.12      0.00      0.00      0.00   1485.00     24.00  perl
 1455097384     0      9087   29.00   16.00    0.00   45.00     0      0.00      0.00   13408   9712   0.12      0.00      0.00      0.00   1374.00     29.00  perl
 1455097385     0      9087   28.00   18.00    0.00   46.00     0      0.00      0.00   13408   9712   0.12      0.00      0.00      0.00   1111.00     32.00  perl
 1455097386     0      9087   35.00   12.00    0.00   47.00     0      0.00      0.00   13408   9712   0.12      0.00      0.00      0.00   1369.00     27.00  perl
 1455097387     0      9087   36.00   15.00    0.00   51.00     0      0.00      0.00   13408   9712   0.12      0.00      0.00      0.00   1546.00     28.00  perl
 1455097388     0      9087   31.00   19.00    0.00   50.00     2      0.00      0.00   13408   9712   0.12      0.00      0.00      0.00   1697.00     24.00  perl
 1455097389     0      9087   38.00   16.00    0.00   54.00     0      0.00      0.00   13408   9712   0.12      0.00      0.00      0.00   1583.00     26.00  perl
 1455097390     0      9087   30.00   13.00    0.00   43.00     0      0.00      0.00   13408   9712   0.12      0.00      0.00      0.00   1046.00     23.00  perl
 1455097391     0      9087   31.00   18.00    0.00   49.00     0      0.00      0.00   13408   9712   0.12      0.00      0.00      0.00   1183.00     41.00  perl
 1455097392     0      9087   37.00   17.00    0.00   54.00     0      0.00      0.00   13408   9712   0.12      0.00      0.00      0.00   1461.00     32.00  perl
 1455097393     0      9087   39.00   16.00    0.00   55.00     0      0.00      0.00   13408   9712   0.12      0.00      0.00      0.00   1526.00     30.00  perl
 1455097394     0      9087   40.00   16.00    0.00   56.00     0      0.00      0.00   13408   9712   0.12      0.00      0.00      0.00   1533.00     31.00  perl
 1455097395     0      9087   41.00   13.00    0.00   54.00     4      0.00      0.00   13408   9712   0.12      0.00      0.00      0.00   1692.00     27.00  perl
 1455097396     0      9087   43.00   12.00    0.00   55.00     0      0.00      0.00   13408   9712   0.12      0.00      0.00      0.00   2033.00     19.00  perl
 1455097397     0      9087   43.00   17.00    0.00   60.00     0      0.00      0.00   13408   9712   0.12      0.00      0.00      0.00   1989.00     33.00  perl
 1455097398     0      9087   39.00   20.00    0.00   59.00     0      0.00      0.00   13408   9712   0.12      0.00      0.00      0.00   2010.00     38.00  perl
 1455097399     0      9087   37.00   22.00    0.00   59.00     0      0.00      0.00   13408   9712   0.12      0.00      0.00      0.00   2061.00     42.00  perl
 1455097400     0      9087   43.00   16.00    0.00   59.00     0      0.00      0.00   13408   9712   0.12      0.00      0.00      0.00   2006.00     34.00  perl
 1455097401     0      9087   43.00   13.00    0.00   56.00     0      0.00      0.00   13408   9712   0.12      0.00      0.00      0.00   2031.00     25.00  perl
 1455097402     0      9087   32.00   13.00    0.00   45.00     0      0.00      0.00   13408   9712   0.12      0.00      0.00      0.00   1407.00     23.00  perl
 1455097403     0      9087   27.00   15.00    0.00   42.00     0      0.00      0.00   13408   9712   0.12      0.00      0.00      0.00   1236.00     30.00  perl
 1455097404     0      9087   34.00   12.00    0.00   46.00     0      0.00      0.00   13408   9712   0.12      0.00      0.00      0.00   1245.00     26.00  perl
 1455097405     0      9087   29.00   15.00    0.00   44.00     0      0.00      0.00   13408   9712   0.12      0.00      0.00      0.00    969.00     39.00  perl
 1455097406     0      9087   30.00   12.00    0.00   42.00     0      0.00      0.00   13408   9712   0.12      0.00      0.00      0.00    791.00     21.00  perl
 1455097407     0      9087   30.00   15.00    0.00   45.00     0      0.00      0.00   13408   9712   0.12      0.00      0.00      0.00   1250.00     31.00  perl
 1455097408     0      9087   31.00   15.00    0.00   46.00     0      0.00      0.00   13408   9712   0.12      0.00      0.00      0.00   1471.00     34.00  perl
 1455097409     0      9087   32.00   18.00    0.00   50.00     0      0.00      0.00   13408   9712   0.12      0.00      0.00      0.00   1391.00     36.00  perl
 1455097410     0      9087   31.00   13.00    0.00   44.00     0      0.00      0.00   13408   9712   0.12      0.00      0.00      0.00   1346.00     24.00  perl
 1455097411     0      9087   22.00   11.00    0.00   33.00     0      0.00      0.00   13408   9712   0.12      0.00      0.00      0.00    586.00     25.00  perl
 1455097412     0      9087   29.00   10.00    0.00   39.00     0      0.00      0.00   13408   9712   0.12      0.00      0.00      0.00    786.00     18.00  perl
 1455097413     0      9087   22.00   13.00    0.00   35.00     0      0.00      0.00   13408   9712   0.12      0.00      0.00      0.00    757.00     20.00  perl
 1455097414     0      9087   25.00   11.00    0.00   36.00     0      0.00      0.00   13408   9712   0.12      0.00      0.00      0.00    827.00     21.00  perl
 1455097415     0      9087   25.00   10.00    0.00   35.00     0      0.00      0.00   13408   9712   0.12      0.00      0.00      0.00    685.00     24.00  perl
 1455097416     0      9087   26.00   12.00    0.00   38.00     0      0.00      0.00   13408   9712   0.12      0.00      0.00      0.00    841.00     24.00  perl
 1455097417     0      9087   28.00   12.00    0.00   40.00     0      0.00      0.00   13408   9712   0.12      0.00      0.00      0.00   1117.00     22.00  perl
 1455097418     0      9087   27.00   14.00    0.00   41.00     0      0.00      0.00   13408   9712   0.12      0.00      0.00      0.00   1001.00     23.00  perl
 1455097419     0      9087   28.00   11.00    0.00   39.00     0      0.00      0.00   13408   9712   0.12      0.00      0.00      0.00   1007.00     22.00  perl
 1455097420     0      9087   23.00   15.00    0.00   38.00     0      0.00      0.00   13408   9712   0.12      0.00      0.00      0.00    820.00     30.00  perl
 1455097421     0      9087   15.00   10.00    0.00   25.00     0      0.00      0.00   13408   9712   0.12      0.00      0.00      0.00    533.00     18.00  perl
 1455097422     0      9087    0.00    0.00    0.00    0.00     0      0.00      0.00   13408   9712   0.12      0.00      0.00      0.00      3.00      4.00  perl
 1455097423     0      9087    0.00    0.00    0.00    0.00     0      0.00      0.00   13408   9712   0.12      0.00      0.00      0.00      3.00      4.00  perl
