# Mon Dec  8 07:23:08 2014: controlling host = lohengrin, number of flows = 1, reporting interval = 0.05s, [through] = 10**6 bit/second (0.7.1)
# ID           begin             end   through transac min IAT avg IAT max IAT cwnd    ssth uack sack lost retr tret fack reor bkof    rtt rttvar    rto ca state  smss  pmtu
#                [s]             [s]  [Mbit/s]   [#/s]    [ms]    [ms]    [ms]  [#]     [#]  [#]  [#]  [#]  [#]  [#]  [#]  [#]  [#]   [ms]   [ms]   [ms]            [B]   [B]
D  1  1418019748.964  1418019749.020  0.000000    0.00   0.569   8.323  14.531   10 INT_MAX    0    0    0    0    0    0   17    0  232.0  100.0  632.0     open  1448  1500
D  1  1418019749.020  1418019749.066  0.000000    0.00  11.643  11.643  11.643   10 INT_MAX    0    0    0    0    0    0   17    0  232.0  100.0  632.0     open  1448  1500
D  1  1418019749.066  1418019749.121  0.000000    0.00  14.878  25.782  46.254   10 INT_MAX    0    0    0    0    0    0   17    0  232.0  100.0  632.0     open  1448  1500
D  1  1418019749.121  1418019749.164  0.000000    0.00   9.569  16.297  25.178   10 INT_MAX    0    0    0    0    0    0   17    0  232.0  100.0  632.0     open  1448  1500
D  1  1418019749.164  1418019749.220  0.000000    0.00   1.828   8.277  16.442   10 INT_MAX    0    0    0    0    0    0   17    0  232.0  100.0  632.0     open  1448  1500
D  1  1418019749.220  1418019749.266  0.000000    0.00  14.514  26.724  38.934   10 INT_MAX    0    0    0    0    0    0   17    0  232.0  100.0  632.0     open  1448  1500
D  1  1418019749.266  1418019749.321  0.000000    0.00   8.992  19.324  29.655   10 INT_MAX    0    0    0    0    0    0   17    0  232.0  100.0  632.0     open  1448  1500
D  1  1418019749.321  1418019749.363  0.000000    0.00   1.168  11.241  25.986   10 INT_MAX    0    0    0    0    0    0   17    0  232.0  100.0  632.0     open  1448  1500
D  1  1418019749.363  1418019749.413  0.000000    0.00   2.085  12.290  23.165   10 INT_MAX    0    0    0    0    0    0   17    0  232.0  100.0  632.0     open  1448  1500
D  1  1418019749.413  1418019749.476  0.000000    0.00   8.058  18.225  24.912   10 INT_MAX    0    0    0    0    0    0   17    0  232.0  100.0  632.0     open  1448  1500
D  1  1418019749.476  1418019749.524  0.000000    0.00   1.319  16.657  40.227   10 INT_MAX    0    0    0    0    0    0   17    0  232.0  100.0  632.0     open  1448  1500
D  1  1418019749.524  1418019749.563  0.000000    0.00   2.159   9.537  15.998   10 INT_MAX    0    0    0    0    0    0   17    0  232.0  100.0  632.0     open  1448  1500
D  1  1418019749.563  1418019749.614  0.000000    0.00  13.767  17.347  21.313   10 INT_MAX    0    0    0    0    0    0   17    0  232.0  100.0  632.0     open  1448  1500
D  1  1418019749.614  1418019749.674  0.000000    0.00  11.323  16.088  20.853   10 INT_MAX    0    0    0    0    0    0   17    0  232.0  100.0  632.0     open  1448  1500
D  1  1418019749.674  1418019749.715  0.000000    0.00   2.206  16.311  40.534   10 INT_MAX    0    0    0    0    0    0   17    0  232.0  100.0  632.0     open  1448  1500
D  1  1418019749.715  1418019749.775  0.000000    0.00   1.238  12.393  16.644   10 INT_MAX    0    0    0    0    0    0   17    0  232.0  100.0  632.0     open  1448  1500
D  1  1418019749.775  1418019749.816  0.000000    0.00  10.514  13.601  15.951   10 INT_MAX    0    0    0    0    0    0   17    0  232.0  100.0  632.0     open  1448  1500
D  1  1418019749.816  1418019749.875  0.000000    0.00  57.476  57.476  57.476   10 INT_MAX    0    0    0    0    0    0   17    0  232.0  100.0  632.0     open  1448  1500
D  1  1418019749.875  1418019749.924  0.000000    0.00   1.777   9.741  15.452   10 INT_MAX    0    0    0    0    0    0   17    0  232.0  100.0  632.0     open  1448  1500
D  1  1418019749.924  1418019749.967  0.000000    0.00   1.923   9.182  17.168   10 INT_MAX    0    0    0    0    0    0   17    0  232.0  100.0  632.0     open  1448  1500
D  1  1418019749.967  1418019750.016  0.000000    0.00  19.390  19.390  19.390   10 INT_MAX    0    0    0    0    0    0   17    0  232.0  100.0  632.0     open  1448  1500
D  1  1418019750.016  1418019750.064  0.000000    0.00   1.822  24.994  59.333   10 INT_MAX    0    0    0    0    0    0   17    0  232.0  100.0  632.0     open  1448  1500
D  1  1418019750.064  1418019750.115  0.000000    0.00   1.923  11.926  22.441   10 INT_MAX    0    0    0    0    0    0   17    0  232.0  100.0  632.0     open  1448  1500
D  1  1418019750.115  1418019750.176  0.000000    0.00   1.264   9.782  20.100   10 INT_MAX    0    0    0    0    0    0   17    0  232.0  100.0  632.0     open  1448  1500
D  1  1418019750.176  1418019750.220  0.000000    0.00  45.585  45.585  45.585   10 INT_MAX    0    0    0    0    0    0   17    0  232.0  100.0  632.0     open  1448  1500
# ID           begin             end   through transac min IAT avg IAT max IAT cwnd    ssth uack sack lost retr tret fack reor bkof    rtt rttvar    rto ca state  smss  pmtu
#                [s]             [s]  [Mbit/s]   [#/s]    [ms]    [ms]    [ms]  [#]     [#]  [#]  [#]  [#]  [#]  [#]  [#]  [#]  [#]   [ms]   [ms]   [ms]            [B]   [B]
D  1  1418019750.220  1418019750.264  0.000000    0.00   1.928  16.437  28.982   10 INT_MAX    0    0    0    0    0    0   17    0  232.0  100.0  632.0     open  1448  1500
D  1  1418019750.264  1418019750.314  0.000000    0.00   1.969  10.128  25.020   10 INT_MAX    0    0    0    0    0    0   17    0  232.0  100.0  632.0     open  1448  1500
D  1  1418019750.314  1418019750.369  0.000000    0.00   1.786   6.408  11.030   10 INT_MAX    0    0    0    0    0    0   17    0  232.0  100.0  632.0     open  1448  1500
D  1  1418019750.369  1418019750.416  0.000000    0.00  53.268  53.268  53.268   10 INT_MAX    0    0    0    0    0    0   17    0  232.0  100.0  632.0     open  1448  1500
D  1  1418019750.416  1418019750.468  0.000000    0.00   6.417  20.584  48.703   10 INT_MAX    0    0    0    0    0    0   17    0  232.0  100.0  632.0     open  1448  1500
D  1  1418019750.468  1418019750.524  0.000000    0.00   3.230  16.324  38.355   10 INT_MAX    0    0    0    0    0    0   17    0  232.0  100.0  632.0     open  1448  1500
D  1  1418019750.524  1418019750.572  0.000000    0.00   1.251  15.791  50.042   10 INT_MAX    0    0    0    0    0    0   17    0  232.0  100.0  632.0     open  1448  1500
D  1  1418019750.572  1418019750.628  0.000000    0.00  44.280  44.280  44.280   10 INT_MAX    0    0    0    0    0    0   17    0  232.0  100.0  632.0     open  1448  1500
D  1  1418019750.628  1418019750.664  0.000000    0.00     inf     inf     inf   10 INT_MAX    0    0    0    0    0    0   17    0  232.0  100.0  632.0     open  1448  1500
D  1  1418019750.664  1418019750.724  0.000000    0.00   1.227  31.335  90.951   10 INT_MAX    0    0    0    0    0    0   17    0  232.0  100.0  632.0     open  1448  1500
D  1  1418019750.724  1418019750.772  0.000000    0.00     inf     inf     inf   10 INT_MAX    0    0    0    0    0    0   17    0  232.0  100.0  632.0     open  1448  1500
D  1  1418019750.772  1418019750.818  0.000000    0.00   1.250  25.040  84.984   10 INT_MAX    0    0    0    0    0    0   17    0  232.0  100.0  632.0     open  1448  1500
D  1  1418019750.818  1418019750.872  0.000000    0.00   1.241  12.211  22.810   10 INT_MAX    0    0    0    0    0    0   17    0  232.0  100.0  632.0     open  1448  1500
D  1  1418019750.872  1418019750.924  0.000000    0.00   1.231   9.044  19.175   10 INT_MAX    0    0    0    0    0    0   17    0  232.0  100.0  632.0     open  1448  1500
D  1  1418019750.924  1418019750.968  0.000000    0.00  68.056  68.056  68.056   10 INT_MAX    0    0    0    0    0    0   17    0  232.0  100.0  632.0     open  1448  1500
D  1  1418019750.968  1418019751.024  0.000000    0.00   1.913   8.498  15.282   10 INT_MAX    0    0    0    0    0    0   17    0  232.0  100.0  632.0     open  1448  1500
D  1  1418019751.024  1418019751.075  0.000000    0.00   1.904  10.864  28.920   10 INT_MAX    0    0    0    0    0    0   17    0  232.0  100.0  632.0     open  1448  1500
D  1  1418019751.075  1418019751.124  0.000000    0.00     inf     inf     inf   10 INT_MAX    0    0    0    0    0    0   17    0  232.0  100.0  632.0     open  1448  1500
D  1  1418019751.124  1418019751.165  0.000000    0.00   1.925  23.531  64.807   10 INT_MAX    0    0    0    0    0    0   17    0  232.0  100.0  632.0     open  1448  1500
D  1  1418019751.165  1418019751.217  0.000000    0.00   1.844  10.822  22.786   10 INT_MAX    0    0    0    0    0    0   17    0  232.0  100.0  632.0     open  1448  1500
D  1  1418019751.217  1418019751.272  0.000000    0.00   0.425  10.654  25.969   10 INT_MAX    0    0    0    0    0    0   17    0  232.0  100.0  632.0     open  1448  1500
D  1  1418019751.272  1418019751.319  0.000000    0.00  11.286  34.023  56.760   10 INT_MAX    0    0    0    0    0    0   17    0  232.0  100.0  632.0     open  1448  1500
D  1  1418019751.319  1418019751.372  0.000000    0.00   1.260   9.510  18.345   10 INT_MAX    0    0    0    0    0    0   17    0  232.0  100.0  632.0     open  1448  1500
D  1  1418019751.372  1418019751.418  0.000000    0.00   1.844  11.838  26.162   10 INT_MAX    0    0    0    0    0    0   17    0  232.0  100.0  632.0     open  1448  1500
D  1  1418019751.418  1418019751.464  0.000000    0.00  18.453  18.453  18.453   10 INT_MAX    0    0    0    0    0    0   17    0  232.0  100.0  632.0     open  1448  1500
# ID           begin             end   through transac min IAT avg IAT max IAT cwnd    ssth uack sack lost retr tret fack reor bkof    rtt rttvar    rto ca state  smss  pmtu
#                [s]             [s]  [Mbit/s]   [#/s]    [ms]    [ms]    [ms]  [#]     [#]  [#]  [#]  [#]  [#]  [#]  [#]  [#]  [#]   [ms]   [ms]   [ms]            [B]   [B]
D  1  1418019751.464  1418019751.514  0.000000    0.00   7.488  19.051  44.579   10 INT_MAX    0    0    0    0    0    0   17    0  232.0  100.0  632.0     open  1448  1500
D  1  1418019751.514  1418019751.570  0.000000    0.00   1.929  14.368  30.573   10 INT_MAX    0    0    0    0    0    0   17    0  232.0  100.0  632.0     open  1448  1500
D  1  1418019751.570  1418019751.616  0.000000    0.00   1.822  10.811  18.129   10 INT_MAX    0    0    0    0    0    0   17    0  232.0  100.0  632.0     open  1448  1500
D  1  1418019751.616  1418019751.666  0.000000    0.00  10.506  26.916  43.327   10 INT_MAX    0    0    0    0    0    0   17    0  232.0  100.0  632.0     open  1448  1500
D  1  1418019751.666  1418019751.726  0.000000    0.00   7.596  13.990  27.517   10 INT_MAX    0    0    0    0    0    0   17    0  232.0  100.0  632.0     open  1448  1500
D  1  1418019751.726  1418019751.767  0.000000    0.00   8.374  11.398  14.677   10 INT_MAX    0    0    0    0    0    0   17    0  232.0  100.0  632.0     open  1448  1500
D  1  1418019751.767  1418019751.817  0.000000    0.00   8.485  11.888  15.291   10 INT_MAX    0    0    0    0    0    0   17    0  232.0  100.0  632.0     open  1448  1500
D  1  1418019751.817  1418019751.872  0.000000    0.00   1.244  16.636  36.025   10 INT_MAX    0    0    0    0    0    0   17    0  232.0  100.0  632.0     open  1448  1500
D  1  1418019751.872  1418019751.915  0.000000    0.00   1.247  14.642  26.412   10 INT_MAX    0    0    0    0    0    0   17    0  232.0  100.0  632.0     open  1448  1500
D  1  1418019751.915  1418019751.968  0.000000    0.00   1.334  10.013  15.424   10 INT_MAX    0    0    0    0    0    0   17    0  232.0  100.0  632.0     open  1448  1500
D  1  1418019751.968  1418019752.014  0.000000    0.00   7.879  29.355  50.830   10 INT_MAX    0    0    0    0    0    0   17    0  232.0  100.0  632.0     open  1448  1500
D  1  1418019752.014  1418019752.067  0.000000    0.00   8.444  13.294  22.574   10 INT_MAX    0    0    0    0    0    0   17    0  232.0  100.0  632.0     open  1448  1500
D  1  1418019752.067  1418019752.119  0.000000    0.00   7.205  12.251  20.793   10 INT_MAX    0    0    0    0    0    0   17    0  232.0  100.0  632.0     open  1448  1500
D  1  1418019752.119  1418019752.174  0.000000    0.00  11.514  11.599  11.684   10 INT_MAX    0    0    0    0    0    0   17    0  232.0  100.0  632.0     open  1448  1500
D  1  1418019752.174  1418019752.216  0.000000    0.00   1.912  16.326  44.668   10 INT_MAX    0    0    0    0    0    0   17    0  232.0  100.0  632.0     open  1448  1500
D  1  1418019752.216  1418019752.270  0.000000    0.00   8.011  15.766  22.255   10 INT_MAX    0    0    0    0    0    0   17    0  232.0  100.0  632.0     open  1448  1500
D  1  1418019752.270  1418019752.320  0.000000    0.00   7.933   9.185  11.566   10 INT_MAX    0    0    0    0    0    0   17    0  232.0  100.0  632.0     open  1448  1500
D  1  1418019752.320  1418019752.368  0.000000    0.00  13.105  32.148  51.191   10 INT_MAX    0    0    0    0    0    0   17    0  232.0  100.0  632.0     open  1448  1500
D  1  1418019752.368  1418019752.419  0.000000    0.00   8.021  12.816  20.083   10 INT_MAX    0    0    0    0    0    0   17    0  232.0  100.0  632.0     open  1448  1500
D  1  1418019752.419  1418019752.467  0.000000    0.00   6.892  11.839  22.716   10 INT_MAX    0    0    0    0    0    0   17    0  232.0  100.0  632.0     open  1448  1500
D  1  1418019752.467  1418019752.516  0.000000    0.00   8.643   9.490  10.336   10 INT_MAX    0    0    0    0    0    0   17    0  232.0  100.0  632.0     open  1448  1500
D  1  1418019752.516  1418019752.563  0.000000    0.00   7.202  17.165  45.884   10 INT_MAX    0    0    0    0    0    0   17    0  232.0  100.0  632.0     open  1448  1500
D  1  1418019752.563  1418019752.615  0.000000    0.00   7.813  14.429  20.093   10 INT_MAX    0    0    0    0    0    0   17    0  232.0  100.0  632.0     open  1448  1500
D  1  1418019752.615  1418019752.672  0.000000    0.00   8.316  13.171  19.766   10 INT_MAX    0    0    0    0    0    0   17    0  232.0  100.0  632.0     open  1448  1500
D  1  1418019752.672  1418019752.714  0.000000    0.00   8.697  24.059  39.421   10 INT_MAX    0    0    0    0    0    0   17    0  232.0  100.0  632.0     open  1448  1500
# ID           begin             end   through transac min IAT avg IAT max IAT cwnd    ssth uack sack lost retr tret fack reor bkof    rtt rttvar    rto ca state  smss  pmtu
#                [s]             [s]  [Mbit/s]   [#/s]    [ms]    [ms]    [ms]  [#]     [#]  [#]  [#]  [#]  [#]  [#]  [#]  [#]  [#]   [ms]   [ms]   [ms]            [B]   [B]
D  1  1418019752.714  1418019752.766  0.000000    0.00   6.889   9.701  15.919   10 INT_MAX    0    0    0    0    0    0   17    0  232.0  100.0  632.0     open  1448  1500
D  1  1418019752.766  1418019752.819  0.000000    0.00   1.918  14.395  20.986   10 INT_MAX    0    0    0    0    0    0   17    0  232.0  100.0  632.0     open  1448  1500
D  1  1418019752.819  1418019752.866  0.000000    0.00  12.276  13.875  15.475   10 INT_MAX    0    0    0    0    0    0   17    0  232.0  100.0  632.0     open  1448  1500
D  1  1418019752.866  1418019752.916  0.000000    0.00   1.894  15.311  42.485   10 INT_MAX    0    0    0    0    0    0   17    0  232.0  100.0  632.0     open  1448  1500
D  1  1418019752.916  1418019752.967  0.000000    0.00   9.070  17.432  21.639   10 INT_MAX    0    0    0    0    0    0   17    0  232.0  100.0  632.0     open  1448  1500
D  1  1418019752.967  1418019753.020  0.000000    0.00   1.236  11.903  30.292   10 INT_MAX    0    0    0    0    0    0   17    0  232.0  100.0  632.0     open  1448  1500
D  1  1418019753.020  1418019753.064  0.000000    0.00  29.968  29.968  29.968   10 INT_MAX    0    0    0    0    0    0   17    0  232.0  100.0  632.0     open  1448  1500
D  1  1418019753.064  1418019753.120  0.000000    0.00   6.545  11.480  26.161   10 INT_MAX    0    0    0    0    0    0   17    0  232.0  100.0  632.0     open  1448  1500
D  1  1418019753.120  1418019753.166  0.000000    0.00   8.984  17.254  31.998   10 INT_MAX    0    0    0    0    0    0   17    0  232.0  100.0  632.0     open  1448  1500
D  1  1418019753.166  1418019753.218  0.000000    0.00   1.917  16.324  23.542   10 INT_MAX    0    0    0    0    0    0   17    0  232.0  100.0  632.0     open  1448  1500
D  1  1418019753.218  1418019753.264  0.000000    0.00   1.921  14.684  34.392   10 INT_MAX    0    0    0    0    0    0   17    0  232.0  100.0  632.0     open  1448  1500
D  1  1418019753.264  1418019753.314  0.000000    0.00   1.949   9.533  14.064   10 INT_MAX    0    0    0    0    0    0   17    0  232.0  100.0  632.0     open  1448  1500
D  1  1418019753.314  1418019753.376  0.000000    0.00  10.088  16.147  34.374   10 INT_MAX    0    0    0    0    0    0   17    0  232.0  100.0  632.0     open  1448  1500
D  1  1418019753.376  1418019753.415  0.000000    0.00  19.076  19.076  19.076   10 INT_MAX    0    0    0    0    0    0   17    0  232.0  100.0  632.0     open  1448  1500
D  1  1418019753.415  1418019753.468  0.000000    0.00   1.240  12.514  35.255   10 INT_MAX    0    0    0    0    0    0   17    0  232.0  100.0  632.0     open  1448  1500
D  1  1418019753.468  1418019753.522  0.000000    0.00   1.235  18.267  41.151   10 INT_MAX    0    0    0    0    0    0   17    0  232.0  100.0  632.0     open  1448  1500
D  1  1418019753.522  1418019753.576  0.000000    0.00  11.282  17.558  28.897   10 INT_MAX    0    0    0    0    0    0   17    0  232.0  100.0  632.0     open  1448  1500
D  1  1418019753.576  1418019753.619  0.000000    0.00  12.545  16.246  23.158   10 INT_MAX    0    0    0    0    0    0   17    0  232.0  100.0  632.0     open  1448  1500
D  1  1418019753.619  1418019753.664  0.000000    0.00   7.778  13.294  23.975   10 INT_MAX    0    0    0    0    0    0   17    0  232.0  100.0  632.0     open  1448  1500
D  1  1418019753.664  1418019753.714  0.000000    0.00   1.919  11.788  22.709   10 INT_MAX    0    0    0    0    0    0   17    0  232.0  100.0  632.0     open  1448  1500
D  1  1418019753.714  1418019753.766  0.000000    0.00  15.554  18.802  24.263   10 INT_MAX    0    0    0    0    0    0   17    0  232.0  100.0  632.0     open  1448  1500
D  1  1418019753.766  1418019753.819  0.000000    0.00   1.841  11.256  20.424   10 INT_MAX    0    0    0    0    0    0   17    0  232.0  100.0  632.0     open  1448  1500
D  1  1418019753.819  1418019753.866  0.000000    0.00   1.926  16.126  27.287   10 INT_MAX    0    0    0    0    0    0   17    0  232.0  100.0  632.0     open  1448  1500
D  1  1418019753.866  1418019753.916  0.000000    0.00   9.807  13.631  18.593   10 INT_MAX    0    0    0    0    0    0   17    0  232.0  100.0  632.0     open  1448  1500
D  1  1418019753.916  1418019753.967  0.000000    0.00  15.729  18.731  24.281   10 INT_MAX    0    0    0    0    0    0   17    0  232.0  100.0  632.0     open  1448  1500
# ID           begin             end   through transac min IAT avg IAT max IAT cwnd    ssth uack sack lost retr tret fack reor bkof    rtt rttvar    rto ca state  smss  pmtu
#                [s]             [s]  [Mbit/s]   [#/s]    [ms]    [ms]    [ms]  [#]     [#]  [#]  [#]  [#]  [#]  [#]  [#]  [#]  [#]   [ms]   [ms]   [ms]            [B]   [B]
D  1  1418019753.967  1418019754.013  0.000000    0.00   8.679  10.595  14.422   10 INT_MAX    0    0    0    0    0    0   17    0  232.0  100.0  632.0     open  1448  1500
D  1  1418019754.013  1418019754.071  0.000000    0.00   8.383  13.908  23.050   10 INT_MAX    0    0    0    0    0    0   17    0  232.0  100.0  632.0     open  1448  1500
D  1  1418019754.071  1418019754.114  0.000000    0.00  11.819  19.324  26.830   10 INT_MAX    0    0    0    0    0    0   17    0  232.0  100.0  632.0     open  1448  1500
D  1  1418019754.114  1418019754.167  0.000000    0.00   8.864  14.975  23.070   10 INT_MAX    0    0    0    0    0    0   17    0  232.0  100.0  632.0     open  1448  1500
D  1  1418019754.167  1418019754.222  0.000000    0.00   9.120  12.983  19.111   10 INT_MAX    0    0    0    0    0    0   17    0  232.0  100.0  632.0     open  1448  1500
D  1  1418019754.222  1418019754.264  0.000000    0.00   7.419   9.817  12.366   10 INT_MAX    0    0    0    0    0    0   17    0  232.0  100.0  632.0     open  1448  1500
D  1  1418019754.264  1418019754.318  0.000000    0.00   7.952  20.684  38.583   10 INT_MAX    0    0    0    0    0    0   17    0  232.0  100.0  632.0     open  1448  1500
D  1  1418019754.318  1418019754.372  0.000000    0.00  10.883  14.321  16.142   10 INT_MAX    0    0    0    0    0    0   17    0  232.0  100.0  632.0     open  1448  1500
D  1  1418019754.372  1418019754.415  0.000000    0.00   8.905  11.179  13.318   10 INT_MAX    0    0    0    0    0    0   17    0  232.0  100.0  632.0     open  1448  1500
D  1  1418019754.415  1418019754.467  0.000000    0.00  12.502  23.296  34.090   10 INT_MAX    0    0    0    0    0    0   17    0  232.0  100.0  632.0     open  1448  1500
D  1  1418019754.467  1418019754.523  0.000000    0.00   7.423  12.163  17.120   10 INT_MAX    0    0    0    0    0    0   17    0  232.0  100.0  632.0     open  1448  1500
D  1  1418019754.523  1418019754.571  0.000000    0.00  25.446  25.828  26.210   10 INT_MAX    0    0    0    0    0    0   17    0  232.0  100.0  632.0     open  1448  1500
D  1  1418019754.571  1418019754.620  0.000000    0.00     inf     inf     inf   10 INT_MAX    0    0    0    0    0    0   17    0  232.0  100.0  632.0     open  1448  1500
D  1  1418019754.620  1418019754.664  0.000000    0.00   7.305  21.840  60.265   10 INT_MAX    0    0    0    0    0    0   17    0  232.0  100.0  632.0     open  1448  1500
D  1  1418019754.664  1418019754.721  0.000000    0.00     inf     inf     inf   10 INT_MAX    0    0    0    0    0    0   17    0  232.0  100.0  632.0     open  1448  1500
D  1  1418019754.721  1418019754.768  0.000000    0.00   1.220  17.770  79.285   10 INT_MAX    0    0    0    0    0    0   17    0  232.0  100.0  632.0     open  1448  1500
D  1  1418019754.768  1418019754.814  0.000000    0.00   4.942  16.305  35.980   10 INT_MAX    0    0    0    0    0    0   17    0  232.0  100.0  632.0     open  1448  1500
D  1  1418019754.814  1418019754.872  0.000000    0.00   1.842   5.082   8.322   10 INT_MAX    0    0    0    0    0    0   17    0  232.0  100.0  632.0     open  1448  1500
D  1  1418019754.872  1418019754.916  0.000000    0.00  13.321  43.475  73.629   10 INT_MAX    0    0    0    0    0    0   17    0  232.0  100.0  632.0     open  1448  1500
D  1  1418019754.916  1418019754.969  0.000000    0.00   1.250  10.057  25.705   10 INT_MAX    0    0    0    0    0    0   17    0  232.0  100.0  632.0     open  1448  1500
D  1  1418019754.969  1418019755.024  0.000000    0.00   1.847   9.009  21.459   10 INT_MAX    0    0    0    0    0    0   17    0  232.0  100.0  632.0     open  1448  1500
D  1  1418019755.024  1418019755.070  0.000000    0.00  63.233  63.233  63.233   10 INT_MAX    0    0    0    0    0    0   17    0  232.0  100.0  632.0     open  1448  1500
D  1  1418019755.070  1418019755.127  0.000000    0.00   7.694  12.844  20.914   10 INT_MAX    0    0    0    0    0    0   17    0  232.0  100.0  632.0     open  1448  1500
D  1  1418019755.127  1418019755.174  0.000000    0.00   1.833   9.631  14.881   10 INT_MAX    0    0    0    0    0    0   17    0  232.0  100.0  632.0     open  1448  1500
D  1  1418019755.174  1418019755.216  0.000000    0.00   1.223   7.672  14.122   10 INT_MAX    0    0    0    0    0    0   17    0  232.0  100.0  632.0     open  1448  1500
# ID           begin             end   through transac min IAT avg IAT max IAT cwnd    ssth uack sack lost retr tret fack reor bkof    rtt rttvar    rto ca state  smss  pmtu
#                [s]             [s]  [Mbit/s]   [#/s]    [ms]    [ms]    [ms]  [#]     [#]  [#]  [#]  [#]  [#]  [#]  [#]  [#]  [#]   [ms]   [ms]   [ms]            [B]   [B]
D  1  1418019755.216  1418019755.270  0.000000    0.00  15.900  36.513  57.127   10 INT_MAX    0    0    0    0    0    0   17    0  232.0  100.0  632.0     open  1448  1500
D  1  1418019755.270  1418019755.316  0.000000    0.00   1.286  12.576  26.449   10 INT_MAX    0    0    0    0    0    0   17    0  232.0  100.0  632.0     open  1448  1500
D  1  1418019755.316  1418019755.368  0.000000    0.00   1.775  10.408  16.447   10 INT_MAX    0    0    0    0    0    0   17    0  232.0  100.0  632.0     open  1448  1500
D  1  1418019755.368  1418019755.424  0.000000    0.00   7.850  19.345  34.292   10 INT_MAX    0    0    0    0    0    0   17    0  232.0  100.0  632.0     open  1448  1500
D  1  1418019755.424  1418019755.468  0.000000    0.00   1.928  21.429  40.931   10 INT_MAX    0    0    0    0    0    0   17    0  232.0  100.0  632.0     open  1448  1500
D  1  1418019755.468  1418019755.520  0.000000    0.00   1.839  13.329  26.294   10 INT_MAX    0    0    0    0    0    0   17    0  232.0  100.0  632.0     open  1448  1500
D  1  1418019755.520  1418019755.563  0.000000    0.00   5.673  17.605  36.651   10 INT_MAX    0    0    0    0    0    0   17    0  232.0  100.0  632.0     open  1448  1500
D  1  1418019755.563  1418019755.624  0.000000    0.00   2.389  12.333  28.476   10 INT_MAX    0    0    0    0    0    0   17    0  232.0  100.0  632.0     open  1448  1500
D  1  1418019755.624  1418019755.672  0.000000    0.00     inf     inf     inf   10 INT_MAX    0    0    0    0    0    0   17    0  232.0  100.0  632.0     open  1448  1500
D  1  1418019755.672  1418019755.720  0.000000    0.00   1.813  18.926  75.365   10 INT_MAX    0    0    0    0    0    0   17    0  232.0  100.0  632.0     open  1448  1500
D  1  1418019755.720  1418019755.768  0.000000    0.00     inf     inf     inf   10 INT_MAX    0    0    0    0    0    0   17    0  232.0  100.0  632.0     open  1448  1500
D  1  1418019755.768  1418019755.815  0.000000    0.00   1.221  16.802  80.669   10 INT_MAX    0    0    0    0    0    0   17    0  232.0  100.0  632.0     open  1448  1500
D  1  1418019755.815  1418019755.864  0.000000    0.00  50.937  50.937  50.937   10 INT_MAX    0    0    0    0    0    0   17    0  232.0  100.0  632.0     open  1448  1500
D  1  1418019755.864  1418019755.916  0.000000    0.00   1.804   4.652  10.331   10 INT_MAX    0    0    0    0    0    0   17    0  232.0  100.0  632.0     open  1448  1500
D  1  1418019755.916  1418019755.964  0.000000    0.00   1.247  21.341  69.501   10 INT_MAX    0    0    0    0    0    0   17    0  232.0  100.0  632.0     open  1448  1500
D  1  1418019755.964  1418019756.016  0.000000    0.00   1.288   7.050  12.374   10 INT_MAX    0    0    0    0    0    0   17    0  232.0  100.0  632.0     open  1448  1500
D  1  1418019756.016  1418019756.070  0.000000    0.00   1.285  17.896  48.356   10 INT_MAX    0    0    0    0    0    0   17    0  232.0  100.0  632.0     open  1448  1500
D  1  1418019756.070  1418019756.114  0.000000    0.00     inf     inf     inf   10 INT_MAX    0    0    0    0    0    0   17    0  232.0  100.0  632.0     open  1448  1500
D  1  1418019756.114  1418019756.168  0.000000    0.00   1.912  13.936  51.298   10 INT_MAX    0    0    0    0    0    0   17    0  232.0  100.0  632.0     open  1448  1500
D  1  1418019756.168  1418019756.218  0.000000    0.00   8.330  25.698  43.066   10 INT_MAX    0    0    0    0    0    0   17    0  232.0  100.0  632.0     open  1448  1500
D  1  1418019756.218  1418019756.264  0.000000    0.00   1.245   9.449  20.891   10 INT_MAX    0    0    0    0    0    0   17    0  232.0  100.0  632.0     open  1448  1500
D  1  1418019756.264  1418019756.314  0.000000    0.00   6.357  28.288  50.219   10 INT_MAX    0    0    0    0    0    0   17    0  232.0  100.0  632.0     open  1448  1500
D  1  1418019756.314  1418019756.372  0.000000    0.00   7.899   8.407   8.770   10 INT_MAX    0    0    0    0    0    0   17    0  232.0  100.0  632.0     open  1448  1500
D  1  1418019756.372  1418019756.414  0.000000    0.00   9.283  18.340  38.676   10 INT_MAX    0    0    0    0    0    0   17    0  232.0  100.0  632.0     open  1448  1500
D  1  1418019756.414  1418019756.470  0.000000    0.00   7.222   7.985   8.747   10 INT_MAX    0    0    0    0    0    0   17    0  232.0  100.0  632.0     open  1448  1500
# ID           begin             end   through transac min IAT avg IAT max IAT cwnd    ssth uack sack lost retr tret fack reor bkof    rtt rttvar    rto ca state  smss  pmtu
#                [s]             [s]  [Mbit/s]   [#/s]    [ms]    [ms]    [ms]  [#]     [#]  [#]  [#]  [#]  [#]  [#]  [#]  [#]  [#]   [ms]   [ms]   [ms]            [B]   [B]
D  1  1418019756.470  1418019756.515  0.000000    0.00   7.576  15.603  42.106   10 INT_MAX    0    0    0    0    0    0   17    0  232.0  100.0  632.0     open  1448  1500
D  1  1418019756.515  1418019756.572  0.000000    0.00   9.583  21.694  33.805   10 INT_MAX    0    0    0    0    0    0   17    0  232.0  100.0  632.0     open  1448  1500
D  1  1418019756.572  1418019756.616  0.000000    0.00   1.921  10.614  23.839   10 INT_MAX    0    0    0    0    0    0   17    0  232.0  100.0  632.0     open  1448  1500
D  1  1418019756.616  1418019756.664  0.000000    0.00   9.325  26.505  43.684   10 INT_MAX    0    0    0    0    0    0   17    0  232.0  100.0  632.0     open  1448  1500
D  1  1418019756.664  1418019756.724  0.000000    0.00   1.240   8.199  15.936   10 INT_MAX    0    0    0    0    0    0   17    0  232.0  100.0  632.0     open  1448  1500
D  1  1418019756.724  1418019756.764  0.000000    0.00   7.707  21.674  41.706   10 INT_MAX    0    0    0    0    0    0   17    0  232.0  100.0  632.0     open  1448  1500
D  1  1418019756.764  1418019756.814  0.000000    0.00   8.303  13.321  21.138   10 INT_MAX    0    0    0    0    0    0   17    0  232.0  100.0  632.0     open  1448  1500
D  1  1418019756.814  1418019756.863  0.000000    0.00   1.929  12.495  28.506   10 INT_MAX    0    0    0    0    0    0   17    0  232.0  100.0  632.0     open  1448  1500
D  1  1418019756.863  1418019756.918  0.000000    0.00  18.190  20.827  23.464   10 INT_MAX    0    0    0    0    0    0   17    0  232.0  100.0  632.0     open  1448  1500
