# Mon Dec  8 07:27:06 2014: controlling host = lohengrin, number of flows = 1, reporting interval = 0.05s, [through] = 10**6 bit/second (0.7.5)
# ID           begin             end   through transac min IAT avg IAT max IAT uack sack lost retr tret fack reor bkof ca state  pmtu
#                [s]             [s]  [Mbit/s]   [#/s]    [ms]    [ms]    [ms]  [#]  [#]  [#]  [#]  [#]  [#]  [#]  [#]            [B]
D  1  1418019788.806  1418019788.854  0.000000    0.00   7.324  28.616  49.907    0    0    0    0    0    0   17    0     open  1500
D  1  1418019788.854  1418019788.898  0.000000    0.00   1.576   6.787  18.819    0    0    0    0    0    0   17    0     open  1500
D  1  1418019788.898  1418019788.948  0.000000    0.00  13.966  27.645  41.325    0    0    0    0    0    0   17    0     open  1500
D  1  1418019788.948  1418019788.998  0.000000    0.00   8.099   8.099   8.099    0    0    0    0    0    0   17    0     open  1500
D  1  1418019788.998  1418019789.048  0.000000    0.00   2.032  21.747  52.239    0    0    0    0    0    0   17    0     open  1500
D  1  1418019789.048  1418019789.106  0.000000    0.00   1.830   9.618  19.476    0    0    0    0    0    0   17    0     open  1500
D  1  1418019789.106  1418019789.150  0.000000    0.00  12.747  14.235  15.724    0    0    0    0    0    0   17    0     open  1500
D  1  1418019789.150  1418019789.209  0.000000    0.00  10.469  30.770  51.072    0    0    0    0    0    0   17    0     open  1500
D  1  1418019789.209  1418019789.254  0.000000    0.00   1.920  11.155  27.072    0    0    0    0    0    0   17    0     open  1500
D  1  1418019789.254  1418019789.306  0.000000    0.00   8.352  10.748  17.443    0    0    0    0    0    0   17    0     open  1500
D  1  1418019789.306  1418019789.348  0.000000    0.00  54.918  54.918  54.918    0    0    0    0    0    0   17    0     open  1500
D  1  1418019789.348  1418019789.402  0.000000    0.00   1.904  15.275  28.645    0    0    0    0    0    0   17    0     open  1500
D  1  1418019789.402  1418019789.449  0.000000    0.00   1.756  10.584  27.524    0    0    0    0    0    0   17    0     open  1500
D  1  1418019789.449  1418019789.498  0.000000    0.00   6.868  10.186  15.286    0    0    0    0    0    0   17    0     open  1500
D  1  1418019789.498  1418019789.558  0.000000    0.00   1.594  23.984  47.694    0    0    0    0    0    0   17    0     open  1500
D  1  1418019789.558  1418019789.598  0.000000    0.00   1.860  20.796  39.733    0    0    0    0    0    0   17    0     open  1500
D  1  1418019789.598  1418019789.648  0.000000    0.00   4.478   9.138  17.982    0    0    0    0    0    0   17    0     open  1500
D  1  1418019789.648  1418019789.700  0.000000    0.00   8.544   9.865  11.185    0    0    0    0    0    0   17    0     open  1500
D  1  1418019789.700  1418019789.749  0.000000    0.00  19.308  29.623  39.938    0    0    0    0    0    0   17    0     open  1500
D  1  1418019789.749  1418019789.800  0.000000    0.00   1.821  16.803  29.439    0    0    0    0    0    0   17    0     open  1500
D  1  1418019789.800  1418019789.848  0.000000    0.00   1.804  10.137  15.154    0    0    0    0    0    0   17    0     open  1500
D  1  1418019789.848  1418019789.902  0.000000    0.00  15.626  20.655  25.684    0    0    0    0    0    0   17    0     open  1500
D  1  1418019789.902  1418019789.956  0.000000    0.00  15.877  23.234  30.590    0    0    0    0    0    0   17    0     open  1500
D  1  1418019789.956  1418019789.998  0.000000    0.00   1.512  11.973  21.495    0    0    0    0    0    0   17    0     open  1500
D  1  1418019789.998  1418019790.048  0.000000    0.00   1.742  12.859  24.259    0    0    0    0    0    0   17    0     open  1500
# ID           begin             end   through transac min IAT avg IAT max IAT uack sack lost retr tret fack reor bkof ca state  pmtu
#                [s]             [s]  [Mbit/s]   [#/s]    [ms]    [ms]    [ms]  [#]  [#]  [#]  [#]  [#]  [#]  [#]  [#]            [B]
D  1  1418019790.048  1418019790.102  0.000000    0.00   9.676  20.409  31.142    0    0    0    0    0    0   17    0     open  1500
D  1  1418019790.102  1418019790.158  0.000000    0.00   8.729  18.837  25.331    0    0    0    0    0    0   17    0     open  1500
D  1  1418019790.158  1418019790.197  0.000000    0.00   2.241  10.184  18.976    0    0    0    0    0    0   17    0     open  1500
D  1  1418019790.197  1418019790.256  0.000000    0.00   1.986  11.772  22.471    0    0    0    0    0    0   17    0     open  1500
D  1  1418019790.256  1418019790.298  0.000000    0.00  12.545  27.282  42.020    0    0    0    0    0    0   17    0     open  1500
D  1  1418019790.298  1418019790.351  0.000000    0.00   9.236  15.055  18.648    0    0    0    0    0    0   17    0     open  1500
D  1  1418019790.351  1418019790.408  0.000000    0.00   1.820   9.045  13.818    0    0    0    0    0    0   17    0     open  1500
D  1  1418019790.408  1418019790.456  0.000000    0.00  18.630  18.630  18.630    0    0    0    0    0    0   17    0     open  1500
D  1  1418019790.456  1418019790.504  0.000000    0.00   9.722  23.358  41.124    0    0    0    0    0    0   17    0     open  1500
D  1  1418019790.504  1418019790.552  0.000000    0.00   7.027  12.335  18.805    0    0    0    0    0    0   17    0     open  1500
D  1  1418019790.552  1418019790.610  0.000000    0.00   1.338  10.287  19.334    0    0    0    0    0    0   17    0     open  1500
D  1  1418019790.610  1418019790.654  0.000000    0.00   8.132  25.702  43.272    0    0    0    0    0    0   17    0     open  1500
D  1  1418019790.654  1418019790.698  0.000000    0.00  13.720  16.463  18.048    0    0    0    0    0    0   17    0     open  1500
D  1  1418019790.698  1418019790.748  0.000000    0.00   7.177   9.411  12.753    0    0    0    0    0    0   17    0     open  1500
D  1  1418019790.748  1418019790.802  0.000000    0.00  11.812  17.400  27.057    0    0    0    0    0    0   17    0     open  1500
D  1  1418019790.802  1418019790.858  0.000000    0.00  11.995  18.373  26.559    0    0    0    0    0    0   17    0     open  1500
D  1  1418019790.858  1418019790.899  0.000000    0.00   7.464  12.143  17.903    0    0    0    0    0    0   17    0     open  1500
D  1  1418019790.899  1418019790.950  0.000000    0.00   7.412  11.134  15.401    0    0    0    0    0    0   17    0     open  1500
D  1  1418019790.950  1418019791.004  0.000000    0.00  12.190  20.333  28.475    0    0    0    0    0    0   17    0     open  1500
D  1  1418019791.004  1418019791.048  0.000000    0.00   7.123  15.685  27.083    0    0    0    0    0    0   17    0     open  1500
D  1  1418019791.048  1418019791.100  0.000000    0.00   7.934  12.885  17.362    0    0    0    0    0    0   17    0     open  1500
D  1  1418019791.100  1418019791.148  0.000000    0.00   9.370  14.649  22.272    0    0    0    0    0    0   17    0     open  1500
D  1  1418019791.148  1418019791.198  0.000000    0.00  12.700  16.274  22.444    0    0    0    0    0    0   17    0     open  1500
D  1  1418019791.198  1418019791.250  0.000000    0.00   1.335  13.497  23.919    0    0    0    0    0    0   17    0     open  1500
D  1  1418019791.250  1418019791.298  0.000000    0.00   1.847   8.603  15.358    0    0    0    0    0    0   17    0     open  1500
# ID           begin             end   through transac min IAT avg IAT max IAT uack sack lost retr tret fack reor bkof ca state  pmtu
#                [s]             [s]  [Mbit/s]   [#/s]    [ms]    [ms]    [ms]  [#]  [#]  [#]  [#]  [#]  [#]  [#]  [#]            [B]
D  1  1418019791.298  1418019791.354  0.000000    0.00   8.921  28.764  48.608    0    0    0    0    0    0   17    0     open  1500
D  1  1418019791.354  1418019791.402  0.000000    0.00   3.621  17.121  41.735    0    0    0    0    0    0   17    0     open  1500
D  1  1418019791.402  1418019791.448  0.000000    0.00   2.675  27.714  68.460    0    0    0    0    0    0   17    0     open  1500
D  1  1418019791.448  1418019791.506  0.000000    0.00   1.830   5.250  14.895    0    0    0    0    0    0   17    0     open  1500
D  1  1418019791.506  1418019791.554  0.000000    0.00     inf     inf     inf    0    0    0    0    0    0   17    0     open  1500
D  1  1418019791.554  1418019791.598  0.000000    0.00     inf     inf     inf    0    0    0    0    0    0   17    0     open  1500
D  1  1418019791.598  1418019791.650  0.000000    0.00     inf     inf     inf    0    0    0    0    0    0   17    0     open  1500
# ID           begin             end   through transac min IAT avg IAT  max IAT uack sack lost retr tret fack reor bkof ca state  pmtu
#                [s]             [s]  [Mbit/s]   [#/s]    [ms]    [ms]     [ms]  [#]  [#]  [#]  [#]  [#]  [#]  [#]  [#]            [B]
D  1  1418019791.650  1418019791.698  0.000000    0.00   1.251  43.058  183.467    0    0    0    0    0    0   17    0     open  1500
D  1  1418019791.698  1418019791.748  0.000000    0.00   1.842  14.385   33.619    0    0    0    0    0    0   17    0     open  1500
D  1  1418019791.748  1418019791.798  0.000000    0.00   1.232   3.503    7.462    0    0    0    0    0    0   17    0     open  1500
D  1  1418019791.798  1418019791.853  0.000000    0.00   1.330  31.145   71.917    0    0    0    0    0    0   17    0     open  1500
D  1  1418019791.853  1418019791.898  0.000000    0.00   8.915  11.876   14.838    0    0    0    0    0    0   17    0     open  1500
D  1  1418019791.898  1418019791.954  0.000000    0.00   1.183  10.332   28.888    0    0    0    0    0    0   17    0     open  1500
D  1  1418019791.954  1418019791.998  0.000000    0.00  18.496  18.496   18.496    0    0    0    0    0    0   17    0     open  1500
D  1  1418019791.998  1418019792.058  0.000000    0.00   1.254  20.342   39.787    0    0    0    0    0    0   17    0     open  1500
D  1  1418019792.058  1418019792.106  0.000000    0.00   1.313  12.902   37.376    0    0    0    0    0    0   17    0     open  1500
D  1  1418019792.106  1418019792.150  0.000000    0.00   1.835   8.950   16.427    0    0    0    0    0    0   17    0     open  1500
D  1  1418019792.150  1418019792.198  0.000000    0.00  55.015  55.015   55.015    0    0    0    0    0    0   17    0     open  1500
D  1  1418019792.198  1418019792.254  0.000000    0.00   1.170  11.075   24.104    0    0    0    0    0    0   17    0     open  1500
D  1  1418019792.254  1418019792.298  0.000000    0.00   1.224  12.529   33.710    0    0    0    0    0    0   17    0     open  1500
D  1  1418019792.298  1418019792.352  0.000000    0.00   7.688  10.068   12.448    0    0    0    0    0    0   17    0     open  1500
D  1  1418019792.352  1418019792.406  0.000000    0.00   5.488  23.607   41.379    0    0    0    0    0    0   17    0     open  1500
D  1  1418019792.406  1418019792.452  0.000000    0.00   1.871  14.099   30.287    0    0    0    0    0    0   17    0     open  1500
D  1  1418019792.452  1418019792.510  0.000000    0.00   2.277  10.385   14.567    0    0    0    0    0    0   17    0     open  1500
D  1  1418019792.510  1418019792.556  0.000000    0.00  21.674  21.674   21.674    0    0    0    0    0    0   17    0     open  1500
# ID           begin             end   through transac min IAT avg IAT  max IAT uack sack lost retr tret fack reor bkof ca state  pmtu
#                [s]             [s]  [Mbit/s]   [#/s]    [ms]    [ms]     [ms]  [#]  [#]  [#]  [#]  [#]  [#]  [#]  [#]            [B]
D  1  1418019792.556  1418019792.600  0.000000    0.00   1.319  18.364   44.215    0    0    0    0    0    0   17    0     open  1500
D  1  1418019792.600  1418019792.649  0.000000    0.00   1.952  13.915   27.057    0    0    0    0    0    0   17    0     open  1500
D  1  1418019792.649  1418019792.702  0.000000    0.00   6.844   9.581   14.937    0    0    0    0    0    0   17    0     open  1500
D  1  1418019792.702  1418019792.754  0.000000    0.00  12.742  26.760   40.779    0    0    0    0    0    0   17    0     open  1500
D  1  1418019792.754  1418019792.798  0.000000    0.00   7.901  13.830   19.278    0    0    0    0    0    0   17    0     open  1500
D  1  1418019792.798  1418019792.849  0.000000    0.00   6.256   9.874   15.265    0    0    0    0    0    0   17    0     open  1500
D  1  1418019792.849  1418019792.899  0.000000    0.00   9.780  14.316   18.853    0    0    0    0    0    0   17    0     open  1500
D  1  1418019792.899  1418019792.947  0.000000    0.00  15.187  23.844   34.783    0    0    0    0    0    0   17    0     open  1500
D  1  1418019792.947  1418019792.999  0.000000    0.00  10.635  12.887   15.201    0    0    0    0    0    0   17    0     open  1500
D  1  1418019792.999  1418019793.050  0.000000    0.00   5.554   9.593   16.397    0    0    0    0    0    0   17    0     open  1500
D  1  1418019793.050  1418019793.102  0.000000    0.00  12.813  21.953   31.093    0    0    0    0    0    0   17    0     open  1500
D  1  1418019793.102  1418019793.148  0.000000    0.00  10.760  16.575   28.734    0    0    0    0    0    0   17    0     open  1500
D  1  1418019793.148  1418019793.200  0.000000    0.00   1.922  10.610   19.676    0    0    0    0    0    0   17    0     open  1500
D  1  1418019793.200  1418019793.251  0.000000    0.00  11.282  16.812   27.387    0    0    0    0    0    0   17    0     open  1500
D  1  1418019793.251  1418019793.307  0.000000    0.00  12.592  18.812   28.087    0    0    0    0    0    0   17    0     open  1500
D  1  1418019793.307  1418019793.350  0.000000    0.00   1.327   9.885   16.779    0    0    0    0    0    0   17    0     open  1500
D  1  1418019793.350  1418019793.411  0.000000    0.00   1.764  12.639   24.332    0    0    0    0    0    0   17    0     open  1500
D  1  1418019793.411  1418019793.452  0.000000    0.00  13.032  18.045   23.058    0    0    0    0    0    0   17    0     open  1500
D  1  1418019793.452  1418019793.498  0.000000    0.00   1.326  17.859   27.505    0    0    0    0    0    0   17    0     open  1500
D  1  1418019793.498  1418019793.550  0.000000    0.00   1.369  10.053   26.149    0    0    0    0    0    0   17    0     open  1500
D  1  1418019793.550  1418019793.606  0.000000    0.00   7.236  14.070   24.997    0    0    0    0    0    0   17    0     open  1500
D  1  1418019793.606  1418019793.652  0.000000    0.00   8.691  17.374   34.730    0    0    0    0    0    0   17    0     open  1500
D  1  1418019793.652  1418019793.698  0.000000    0.00   1.321  16.952   26.766    0    0    0    0    0    0   17    0     open  1500
D  1  1418019793.698  1418019793.755  0.000000    0.00   1.219   7.717   18.848    0    0    0    0    0    0   17    0     open  1500
D  1  1418019793.755  1418019793.802  0.000000    0.00  30.422  30.422   30.422    0    0    0    0    0    0   17    0     open  1500
# ID           begin             end   through transac min IAT avg IAT  max IAT uack sack lost retr tret fack reor bkof ca state  pmtu
#                [s]             [s]  [Mbit/s]   [#/s]    [ms]    [ms]     [ms]  [#]  [#]  [#]  [#]  [#]  [#]  [#]  [#]            [B]
D  1  1418019793.802  1418019793.850  0.000000    0.00   7.562  18.023   37.523    0    0    0    0    0    0   17    0     open  1500
D  1  1418019793.850  1418019793.900  0.000000    0.00   1.823   9.972   20.429    0    0    0    0    0    0   17    0     open  1500
D  1  1418019793.900  1418019793.955  0.000000    0.00   1.923  17.986   31.170    0    0    0    0    0    0   17    0     open  1500
D  1  1418019793.955  1418019794.007  0.000000    0.00   1.328  17.423   34.817    0    0    0    0    0    0   17    0     open  1500
D  1  1418019794.007  1418019794.060  0.000000    0.00   1.237  13.438   24.249    0    0    0    0    0    0   17    0     open  1500
D  1  1418019794.060  1418019794.107  0.000000    0.00   1.815  11.305   20.042    0    0    0    0    0    0   17    0     open  1500
D  1  1418019794.107  1418019794.151  0.000000    0.00   1.226  11.067   20.907    0    0    0    0    0    0   17    0     open  1500
D  1  1418019794.151  1418019794.199  0.000000    0.00   9.962  21.376   39.254    0    0    0    0    0    0   17    0     open  1500
D  1  1418019794.199  1418019794.260  0.000000    0.00   1.245  11.483   26.196    0    0    0    0    0    0   17    0     open  1500
D  1  1418019794.260  1418019794.299  0.000000    0.00   1.228  12.969   23.809    0    0    0    0    0    0   17    0     open  1500
D  1  1418019794.299  1418019794.354  0.000000    0.00  13.626  27.520   41.414    0    0    0    0    0    0   17    0     open  1500
D  1  1418019794.354  1418019794.409  0.000000    0.00   1.307  13.948   26.924    0    0    0    0    0    0   17    0     open  1500
D  1  1418019794.409  1418019794.452  0.000000    0.00   5.361   9.971   13.499    0    0    0    0    0    0   17    0     open  1500
D  1  1418019794.452  1418019794.511  0.000000    0.00   1.322  19.923   35.050    0    0    0    0    0    0   17    0     open  1500
D  1  1418019794.511  1418019794.556  0.000000    0.00   9.285  16.447   23.003    0    0    0    0    0    0   17    0     open  1500
D  1  1418019794.556  1418019794.609  0.000000    0.00   1.214  12.275   34.354    0    0    0    0    0    0   17    0     open  1500
D  1  1418019794.609  1418019794.655  0.000000    0.00   6.952  11.626   16.109    0    0    0    0    0    0   17    0     open  1500
D  1  1418019794.655  1418019794.699  0.000000    0.00   8.839  21.678   34.517    0    0    0    0    0    0   17    0     open  1500
D  1  1418019794.699  1418019794.759  0.000000    0.00  12.426  15.175   19.100    0    0    0    0    0    0   17    0     open  1500
D  1  1418019794.759  1418019794.798  0.000000    0.00   1.892  12.404   24.177    0    0    0    0    0    0   17    0     open  1500
D  1  1418019794.798  1418019794.855  0.000000    0.00   9.762  12.005   14.894    0    0    0    0    0    0   17    0     open  1500
D  1  1418019794.855  1418019794.898  0.000000    0.00   1.221  15.890   41.175    0    0    0    0    0    0   17    0     open  1500
D  1  1418019794.898  1418019794.948  0.000000    0.00  17.214  21.360   24.235    0    0    0    0    0    0   17    0     open  1500
D  1  1418019794.948  1418019795.007  0.000000    0.00   1.923   9.640   15.045    0    0    0    0    0    0   17    0     open  1500
D  1  1418019795.007  1418019795.052  0.000000    0.00  11.574  17.008   26.022    0    0    0    0    0    0   17    0     open  1500
# ID           begin             end   through transac min IAT avg IAT  max IAT uack sack lost retr tret fack reor bkof ca state  pmtu
#                [s]             [s]  [Mbit/s]   [#/s]    [ms]    [ms]     [ms]  [#]  [#]  [#]  [#]  [#]  [#]  [#]  [#]            [B]
D  1  1418019795.052  1418019795.111  0.000000    0.00   6.805  16.678   26.983    0    0    0    0    0    0   17    0     open  1500
D  1  1418019795.111  1418019795.148  0.000000    0.00     inf     inf      inf    0    0    0    0    0    0   17    0     open  1500
D  1  1418019795.148  1418019795.206  0.000000    0.00   8.748  30.407   52.066    0    0    0    0    0    0   17    0     open  1500
D  1  1418019795.206  1418019795.255  0.000000    0.00   1.931  16.908   50.118    0    0    0    0    0    0   17    0     open  1500
D  1  1418019795.255  1418019795.299  0.000000    0.00     inf     inf      inf    0    0    0    0    0    0   17    0     open  1500
D  1  1418019795.299  1418019795.354  0.000000    0.00   1.918  25.407   78.836    0    0    0    0    0    0   17    0     open  1500
D  1  1418019795.354  1418019795.397  0.000000    0.00   4.201  11.546   22.821    0    0    0    0    0    0   17    0     open  1500
D  1  1418019795.397  1418019795.459  0.000000    0.00   1.825   6.004    9.272    0    0    0    0    0    0   17    0     open  1500
D  1  1418019795.459  1418019795.502  0.000000    0.00  80.289  80.289   80.289    0    0    0    0    0    0   17    0     open  1500
D  1  1418019795.502  1418019795.548  0.000000    0.00   6.033  10.924   15.964    0    0    0    0    0    0   17    0     open  1500
D  1  1418019795.548  1418019795.611  0.000000    0.00   1.750   8.334   18.000    0    0    0    0    0    0   17    0     open  1500
D  1  1418019795.611  1418019795.659  0.000000    0.00     inf     inf      inf    0    0    0    0    0    0   17    0     open  1500
D  1  1418019795.659  1418019795.701  0.000000    0.00   6.700  23.093   65.682    0    0    0    0    0    0   17    0     open  1500
D  1  1418019795.701  1418019795.753  0.000000    0.00   1.233  13.871   20.146    0    0    0    0    0    0   17    0     open  1500
D  1  1418019795.753  1418019795.803  0.000000    0.00   1.845   9.036   17.183    0    0    0    0    0    0   17    0     open  1500
D  1  1418019795.803  1418019795.852  0.000000    0.00   1.362  25.104   48.847    0    0    0    0    0    0   17    0     open  1500
D  1  1418019795.852  1418019795.907  0.000000    0.00   7.131  16.218   23.671    0    0    0    0    0    0   17    0     open  1500
D  1  1418019795.907  1418019795.948  0.000000    0.00   1.873  11.870   22.690    0    0    0    0    0    0   17    0     open  1500
D  1  1418019795.948  1418019795.999  0.000000    0.00   7.910  11.089   14.268    0    0    0    0    0    0   17    0     open  1500
D  1  1418019795.999  1418019796.059  0.000000    0.00   1.357  20.001   53.461    0    0    0    0    0    0   17    0     open  1500
D  1  1418019796.059  1418019796.103  0.000000    0.00   7.207  15.862   24.517    0    0    0    0    0    0   17    0     open  1500
D  1  1418019796.103  1418019796.151  0.000000    0.00   3.412  14.845   44.210    0    0    0    0    0    0   17    0     open  1500
D  1  1418019796.151  1418019796.207  0.000000    0.00   7.089  13.132   24.346    0    0    0    0    0    0   17    0     open  1500
D  1  1418019796.207  1418019796.252  0.000000    0.00  56.625  56.625   56.625    0    0    0    0    0    0   17    0     open  1500
D  1  1418019796.252  1418019796.307  0.000000    0.00   1.324  12.351   28.919    0    0    0    0    0    0   17    0     open  1500
# ID           begin             end   through transac min IAT avg IAT  max IAT uack sack lost retr tret fack reor bkof ca state  pmtu
#                [s]             [s]  [Mbit/s]   [#/s]    [ms]    [ms]     [ms]  [#]  [#]  [#]  [#]  [#]  [#]  [#]  [#]            [B]
D  1  1418019796.307  1418019796.355  0.000000    0.00     inf     inf      inf    0    0    0    0    0    0   17    0     open  1500
D  1  1418019796.355  1418019796.402  0.000000    0.00   1.802  21.442   79.177    0    0    0    0    0    0   17    0     open  1500
D  1  1418019796.402  1418019796.454  0.000000    0.00   1.183  10.212   18.279    0    0    0    0    0    0   17    0     open  1500
D  1  1418019796.454  1418019796.499  0.000000    0.00   1.913  11.553   21.193    0    0    0    0    0    0   17    0     open  1500
D  1  1418019796.499  1418019796.550  0.000000    0.00  16.175  39.649   63.122    0    0    0    0    0    0   17    0     open  1500
D  1  1418019796.550  1418019796.598  0.000000    0.00   1.252   9.172   16.407    0    0    0    0    0    0   17    0     open  1500
D  1  1418019796.598  1418019796.662  0.000000    0.00   1.295  11.523   25.807    0    0    0    0    0    0   17    0     open  1500
D  1  1418019796.662  1418019796.707  0.000000    0.00  47.866  47.866   47.866    0    0    0    0    0    0   17    0     open  1500
D  1  1418019796.707  1418019796.748  0.000000    0.00   7.925  13.737   17.022    0    0    0    0    0    0   17    0     open  1500
D  1  1418019796.748  1418019796.809  0.000000    0.00   1.819   7.967   13.504    0    0    0    0    0    0   17    0     open  1500
D  1  1418019796.809  1418019796.851  0.000000    0.00   6.954  14.671   22.389    0    0    0    0    0    0   17    0     open  1500
D  1  1418019796.851  1418019796.905  0.000000    0.00  10.879  26.219   40.148    0    0    0    0    0    0   17    0     open  1500
D  1  1418019796.905  1418019796.953  0.000000    0.00   1.244  10.962   19.239    0    0    0    0    0    0   17    0     open  1500
D  1  1418019796.953  1418019797.000  0.000000    0.00   1.245  10.600   15.124    0    0    0    0    0    0   17    0     open  1500
D  1  1418019797.000  1418019797.052  0.000000    0.00  37.197  37.197   37.197    0    0    0    0    0    0   17    0     open  1500
D  1  1418019797.052  1418019797.098  0.000000    0.00   1.947  18.379   35.141    0    0    0    0    0    0   17    0     open  1500
D  1  1418019797.098  1418019797.156  0.000000    0.00   5.868  10.280   15.547    0    0    0    0    0    0   17    0     open  1500
D  1  1418019797.156  1418019797.197  0.000000    0.00   8.583  17.017   32.154    0    0    0    0    0    0   17    0     open  1500
D  1  1418019797.197  1418019797.251  0.000000    0.00   1.913  20.377   38.841    0    0    0    0    0    0   17    0     open  1500
D  1  1418019797.251  1418019797.298  0.000000    0.00   7.394  13.120   22.936    0    0    0    0    0    0   17    0     open  1500
D  1  1418019797.298  1418019797.348  0.000000    0.00   1.157  10.517   20.538    0    0    0    0    0    0   17    0     open  1500
D  1  1418019797.348  1418019797.407  0.000000    0.00   8.590   8.590    8.590    0    0    0    0    0    0   17    0     open  1500
D  1  1418019797.407  1418019797.454  0.000000    0.00   1.902  19.587   59.095    0    0    0    0    0    0   17    0     open  1500
D  1  1418019797.454  1418019797.508  0.000000    0.00   1.229  12.436   23.454    0    0    0    0    0    0   17    0     open  1500
D  1  1418019797.508  1418019797.555  0.000000    0.00   7.276  11.145   15.730    0    0    0    0    0    0   17    0     open  1500
