# Mon Dec  8 07:27:40 2014: controlling host = lohengrin, number of flows = 1, reporting interval = 0.05s, [through] = 10**6 bit/second (0.7.5)
# ID           begin             end   through transac min IAT avg IAT max IAT uack sack lost retr tret fack reor bkof ca state  pmtu
#                [s]             [s]  [Mbit/s]   [#/s]    [ms]    [ms]    [ms]  [#]  [#]  [#]  [#]  [#]  [#]  [#]  [#]            [B]
D  1  1418020026.652  1418020026.693  4.777577    0.00   1.746  17.359  43.780   33    2    0    0    0    4   22    0 disorder  1500
D  1  1418020026.693  1418020026.751  1.135948    0.00   1.428  11.063  38.949   34    3    0    0    0    6   22    0 disorder  1500
D  1  1418020026.751  1418020026.798  0.000000    0.00   5.790   9.558  15.558   37    7    0    0    0   14   22    0 disorder  1500
D  1  1418020026.798  1418020026.852  2.436710    0.00  70.371  70.371  70.371   37    6    0    0    0   12   22    0 disorder  1500
D  1  1418020026.852  1418020026.904  3.784789    0.00   3.124  26.029  48.935   32    1    0    0    0    2   22    0 disorder  1500
D  1  1418020026.904  1418020026.952  1.363921    0.00   1.851  11.999  27.997   34    3    0    0    0    7   22    0 disorder  1500
D  1  1418020026.952  1418020026.993  1.597347    0.00   2.555  15.559  28.562   34    3    0    0    0    7   22    0 disorder  1500
D  1  1418020026.993  1418020027.056  2.083237    0.00   9.226  22.716  48.340   33    2    0    0    0    5   22    0 disorder  1500
D  1  1418020027.056  1418020027.094  1.704775    0.00  35.981  35.981  35.981   33    2    0    0    0    6   22    0 disorder  1500
D  1  1418020027.094  1418020027.145  2.597930    0.00   7.744  15.174  23.064   35    4    0    0    0    9   22    0 disorder  1500
D  1  1418020027.145  1418020027.198  1.226684    0.00   3.783  13.071  28.006   33    2    0    0    0    5   22    0 disorder  1500
D  1  1418020027.198  1418020027.249  1.284392    0.00  20.626  24.180  30.942   35    4    0    0    0    8   22    0 disorder  1500
D  1  1418020027.249  1418020027.295  1.436144    0.00   1.310  15.124  25.699   35    4    0    0    0    8   22    0 disorder  1500
D  1  1418020027.295  1418020027.348  2.465439    0.00   9.592   9.925  10.159   36    5    0    0    0    8   22    0 disorder  1500
D  1  1418020027.348  1418020027.393  2.894609    0.00   1.948  19.160  31.810   36    5    0    0    0    6   22    0 disorder  1500
D  1  1418020027.393  1418020027.444  1.295238    0.00  17.584  18.279  19.066   35    3    0    0    0    6   22    0 disorder  1500
D  1  1418020027.444  1418020027.495  1.271635    0.00   6.530  14.316  17.556   35    4    0    0    0    9   22    0 disorder  1500
D  1  1418020027.495  1418020027.544  4.041569    0.00  10.841  14.637  18.433   36    4    0    0    0    8   22    0 disorder  1500
D  1  1418020027.544  1418020027.596  2.529113    0.00   1.818  14.199  30.236   33    1    0    0    0    2   22    0 disorder  1500
D  1  1418020027.596  1418020027.644  1.365276    0.00  19.110  21.973  24.835   36    4    0    0    0    8   22    0 disorder  1500
D  1  1418020027.644  1418020027.708  2.047752    0.00   1.183  14.192  31.864   36    4    0    0    0   10   22    0 disorder  1500
D  1  1418020027.708  1418020027.744  1.820468    0.00  13.644  26.231  38.817   37    5    0    0    0   10   22    0 disorder  1500
D  1  1418020027.744  1418020027.796  2.520671    0.00   8.238  14.108  21.255   35    3    0    0    0    7   22    0 disorder  1500
D  1  1418020027.796  1418020027.848  0.000000    0.00   5.479  10.224  14.968   36    4    0    0    0    8   22    0 disorder  1500
D  1  1418020027.848  1418020027.893  1.452866    0.00   1.228  22.554  73.687   34    2    0    0    0    4   22    0 disorder  1500
# ID           begin             end   through transac min IAT avg IAT max IAT uack sack lost retr tret fack reor bkof ca state  pmtu
#                [s]             [s]  [Mbit/s]   [#/s]    [ms]    [ms]    [ms]  [#]  [#]  [#]  [#]  [#]  [#]  [#]  [#]            [B]
D  1  1418020027.893  1418020027.944  0.000000    0.00     inf     inf     inf   34    2    0    0    0    4   22    0 disorder  1500
D  1  1418020027.944  1418020027.996  0.000000    0.00     inf     inf     inf   32    0    0    0    0    0   22    0     open  1500
D  1  1418020027.996  1418020028.044  2.750154    0.00     inf     inf     inf   40    8    0    0    0   16   22    0 disorder  1500
# ID           begin             end   through transac min IAT avg IAT  max IAT uack sack lost retr tret fack reor bkof ca state  pmtu
#                [s]             [s]  [Mbit/s]   [#/s]    [ms]    [ms]     [ms]  [#]  [#]  [#]  [#]  [#]  [#]  [#]  [#]            [B]
D  1  1418020028.044  1418020028.098  3.636705    0.00   1.837  60.787  178.125   33    0    0    0    0    0   22    0     open  1500
D  1  1418020028.098  1418020028.149  1.274737    0.00   1.907   6.933   22.965   34    1    0    0    0    2   22    0 disorder  1500
D  1  1418020028.149  1418020028.196  1.408388    0.00   1.747  14.664   40.275   36    3    0    0    0    8   22    0 disorder  1500
D  1  1418020028.196  1418020028.247  1.291689    0.00  43.381  43.381   43.381   39    6    0    0    0   12   22    0 disorder  1500
D  1  1418020028.247  1418020028.304  1.144276    0.00   1.897  27.756   79.264   36    2    0    0    0    4   22    0 disorder  1500
D  1  1418020028.304  1418020028.344  0.000000    0.00   2.935  18.734   35.227   37    3    0    0    0    5   22    0 disorder  1500
D  1  1418020028.344  1418020028.396  5.026040    0.00   1.224   3.961   11.166   35    1    0    0    0    2   22    0 disorder  1500
D  1  1418020028.396  1418020028.452  0.000000    0.00  54.709  54.709   54.709   38    4    0    0    0    8   22    0 disorder  1500
D  1  1418020028.452  1418020028.495  1.523342    0.00   9.858  22.535   44.630   40    6    0    0    0   11   22    0 disorder  1500
D  1  1418020028.495  1418020028.543  1.362900    0.00  17.509  18.709   19.908   38    4    0    0    0    9   22    0 disorder  1500
D  1  1418020028.543  1418020028.603  1.095066    0.00  26.988  27.535   28.082   41    6    0    0    0   10   22    0 disorder  1500
D  1  1418020028.603  1418020028.643  1.615627    0.00   1.825  23.643   35.661   42    7    0    0    0   10   22    0 disorder  1500
D  1  1418020028.643  1418020028.700  1.158673    0.00   1.410   1.410    1.410   42    7    0    0    0   15   22    0 disorder  1500
D  1  1418020028.700  1418020028.751  3.868487    0.00  96.575  96.575   96.575   40    5    0    0    0   10   22    0 disorder  1500
D  1  1418020028.751  1418020028.794  0.000000    0.00   2.063   7.098   12.589   40    5    0    0    0   10   22    0 disorder  1500
D  1  1418020028.794  1418020028.852  1.123638    0.00  11.543  12.678   13.813   38    2    0    0    0    4   22    0 disorder  1500
D  1  1418020028.852  1418020028.899  1.385774    0.00     inf     inf      inf   36    0    0    0    0    0   22    0     open  1500
D  1  1418020028.899  1418020028.952  0.000000    0.00   1.716  31.845   91.930   40    4    0    0    0    7   22    0 disorder  1500
D  1  1418020028.952  1418020028.997  0.000000    0.00     inf     inf      inf   39   12    0    0    0   22   24    0 disorder  1500
D  1  1418020028.997  1418020029.044  2.787752    0.00     inf     inf      inf   43    8    0    0    0   15   24    0 disorder  1500
D  1  1418020029.044  1418020029.093  1.338589    0.00   1.809  37.809  145.024   42    6    0    0    0   13   24    0 disorder  1500
D  1  1418020029.093  1418020029.144  3.851971    0.00   3.812   4.043    4.274   38    1    0    0    0    2   24    0 disorder  1500
# ID           begin             end   through transac min IAT avg IAT  max IAT uack sack lost retr tret fack reor bkof ca state  pmtu
#                [s]             [s]  [Mbit/s]   [#/s]    [ms]    [ms]     [ms]  [#]  [#]  [#]  [#]  [#]  [#]  [#]  [#]            [B]
D  1  1418020029.144  1418020029.200  2.340372    0.00   1.162  17.659   47.318   39    1    0    0    0    2   24    0 disorder  1500
D  1  1418020029.200  1418020029.256  1.170395    0.00   2.313  23.288   49.142   41    3    0    0    0    6   24    0 disorder  1500
D  1  1418020029.256  1418020029.294  0.000000    0.00   9.170  13.498   17.827   44    8    0    0    0   16   24    0 disorder  1500
D  1  1418020029.294  1418020029.345  2.577166    0.00   9.777  19.636   26.722   42    4    0    0    0    9   24    0 disorder  1500
D  1  1418020029.345  1418020029.401  5.881276    0.00   1.826  13.095   24.592   42    2    0    0    0    4   24    0 disorder  1500
D  1  1418020029.401  1418020029.443  1.539665    0.00   3.510  18.549   35.019   45    5    0    0    0    8   24    0 disorder  1500
D  1  1418020029.443  1418020029.504  1.080958    0.00   2.330  11.970   22.093   48    7    0    0    0   14   24    0 disorder  1500
D  1  1418020029.504  1418020029.556  2.520833    0.00  25.044  26.761   28.478   49    8    0    0    0   17   24    0 disorder  1500
D  1  1418020029.556  1418020029.608  3.780348    0.00   3.528  18.645   33.761   47    5    0    0    0    9   24    0 disorder  1500
D  1  1418020029.608  1418020029.645  1.789383    0.00   1.897  18.653   35.410   47    5    0    0    0    9   24    0 disorder  1500
D  1  1418020029.645  1418020029.696  3.816265    0.00   1.304  11.311   30.562   46    3    0    0    0    7   24    0 disorder  1500
D  1  1418020029.696  1418020029.747  1.295518    0.00  12.325  21.774   31.222   49    6    0    0    0   12   24    0 disorder  1500
D  1  1418020029.747  1418020029.793  2.825883    0.00   1.826  28.817   55.808   49    5    0    0    0   11   24    0 disorder  1500
D  1  1418020029.793  1418020029.844  1.287267    0.00   2.021  14.428   26.835   49    5    0    0    0    8   24    0 disorder  1500
D  1  1418020029.844  1418020029.899  3.574051    0.00   1.892  18.766   40.811   51    6    0    0    0   12   24    0 disorder  1500
D  1  1418020029.899  1418020029.944  2.913910    0.00   2.334   6.255   11.910   52    6    0    0    0   10   24    0 disorder  1500
D  1  1418020029.944  1418020030.001  2.305723    0.00   5.422  22.905   48.177   47    1    0    0    0    2   24    0 disorder  1500
D  1  1418020030.001  1418020030.056  2.375997    0.00   1.892  15.043   28.194   50    3    0    0    0    7   24    0 disorder  1500
D  1  1418020030.056  1418020030.094  0.000000    0.00   2.113  23.363   51.885   50    3    0    0    0    7   24    0 disorder  1500
D  1  1418020030.094  1418020030.144  3.960910    0.00   3.762  13.147   19.699   50    2    0    0    0    5   24    0 disorder  1500
D  1  1418020030.144  1418020030.193  2.669132    0.00   8.930  20.912   35.367   52    3    0    0    0    6   24    0 disorder  1500
D  1  1418020030.193  1418020030.255  3.160000    0.00   2.410  14.698   24.295   56    7    0    0    0   13   24    0 disorder  1500
D  1  1418020030.255  1418020030.304  5.383772    0.00   1.815  11.331   26.455   56    5    0    0    0   10   24    0 disorder  1500
D  1  1418020030.304  1418020030.345  1.590876    0.00   1.234  29.823   58.413   61   10    0    0    0   18   24    0 disorder  1500
D  1  1418020030.345  1418020030.396  3.883096    0.00  10.421  15.438   20.685   53    1    0    0    0    2   24    0 disorder  1500
# ID           begin             end   through transac min IAT avg IAT  max IAT uack sack lost retr tret fack reor bkof ca state  pmtu
#                [s]             [s]  [Mbit/s]   [#/s]    [ms]    [ms]     [ms]  [#]  [#]  [#]  [#]  [#]  [#]  [#]  [#]            [B]
D  1  1418020030.396  1418020030.443  1.375579    0.00   1.934  15.769   27.251   57    4    0    0    0    8   24    0 disorder  1500
D  1  1418020030.443  1418020030.500  4.614930    0.00   1.426   9.643   25.273   64   10    0    0    0   21   24    0 disorder  1500
D  1  1418020030.500  1418020030.543  6.093976    0.00  33.903  37.311   40.718   56    1    0    0    0    2   24    0 disorder  1500
D  1  1418020030.543  1418020030.597  0.000000    0.00   3.459  11.323   19.187   63   11    0    0    0   22   24    0 disorder  1500
D  1  1418020030.597  1418020030.656  3.323072    0.00   1.241  12.605   31.419   68   14    0    0    0   28   24    0 disorder  1500
D  1  1418020030.656  1418020030.694  5.226677    0.00     inf     inf      inf   67   10    0    0    0   22   28    0 disorder  1500
D  1  1418020030.694  1418020030.756  4.201838    0.00   1.838  24.884   53.816   64    5    0    0    0   10   28    0 disorder  1500
D  1  1418020030.756  1418020030.796  1.638382    0.00   2.341  10.215   20.367   63    8    0    0    0   16   28    0 disorder  1500
D  1  1418020030.796  1418020030.852  5.840166    0.00   1.231  13.572   25.912   70    9    0    0    0   19   28    0 disorder  1500
D  1  1418020030.852  1418020030.904  5.047846    0.00   1.218  19.299   43.573   69    7    0    0    0   13   28    0 disorder  1500
D  1  1418020030.904  1418020030.945  1.595623    0.00  19.797  25.529   31.262   70    7    0    0    0   12   28    0 disorder  1500
D  1  1418020030.945  1418020030.993  4.083781    0.00   1.792  15.632   23.312   74   10    0    0    0   20   28    0 disorder  1500
D  1  1418020030.993  1418020031.044  3.870539    0.00   9.531  12.802   18.203   69    4    0    0    0    8   30    0 disorder  1500
D  1  1418020031.044  1418020031.096  2.521573    0.00   1.933  29.078   56.223   74    8    0    0    0   16   30    0 disorder  1500
D  1  1418020031.096  1418020031.148  2.520833    0.00   2.974  18.059   38.056   73    6    0    0    0   14   30    0 disorder  1500
D  1  1418020031.148  1418020031.193  2.884510    0.00   1.930  16.549   32.203   72    4    0    0    0    8   30    0 disorder  1500
D  1  1418020031.193  1418020031.248  6.005504    0.00   2.261  10.224   29.371   72    2    0    0    0    4   30    0 disorder  1500
D  1  1418020031.248  1418020031.304  0.000000    0.00     inf     inf      inf   79    9    0    0    0   18   30    0 disorder  1500
D  1  1418020031.304  1418020031.352  4.095056    0.00   1.297  21.978   82.428   80    8    0    0    0   17   30    0 disorder  1500
D  1  1418020031.352  1418020031.400  4.114302    0.00  40.322  40.322   40.322   78    5    0    0    0   10   30    0 disorder  1500
D  1  1418020031.400  1418020031.444  1.482029    0.00   1.903  14.486   27.069   78    5    0    0    0   10   30    0 disorder  1500
D  1  1418020031.444  1418020031.500  4.681223    0.00   1.940  14.673   44.539   80    5    0    0    0   10   30    0 disorder  1500
D  1  1418020031.500  1418020031.548  1.374183    0.00     inf     inf      inf   85    9    0    0    0   18   30    0 disorder  1500
D  1  1418020031.548  1418020031.596  4.069271    0.00   1.814  19.637   85.376   88   11    0    0    0   22   30    0 disorder  1500
D  1  1418020031.596  1418020031.643  1.387494    0.00   1.865  20.952   50.069   82    4    0    0    0    8   30    0 disorder  1500
# ID           begin             end   through transac min IAT avg IAT  max IAT uack sack lost retr tret fack reor bkof ca state  pmtu
#                [s]             [s]  [Mbit/s]   [#/s]    [ms]    [ms]     [ms]  [#]  [#]  [#]  [#]  [#]  [#]  [#]  [#]            [B]
D  1  1418020031.643  1418020031.693  2.640201    0.00  66.120  66.120   66.120   89   12    0    0    0   24   34    0 disorder  1500
D  1  1418020031.693  1418020031.748  4.751419    0.00   2.820   3.317    3.703   86    8    0    0    0   16   34    0 disorder  1500
D  1  1418020031.748  1418020031.793  2.912722    0.00     inf     inf      inf   81   11    0    0    0   22   34    0 disorder  1500
D  1  1418020031.793  1418020031.848  4.769309    0.00   1.162  20.153   93.092   80    3    0    0    0    6   34    0 disorder  1500
D  1  1418020031.848  1418020031.904  3.510917    0.00   3.026  26.092   56.032   81    3    0    0    0    6   34    0 disorder  1500
D  1  1418020031.904  1418020031.943  8.416554    0.00  62.572  62.572   62.572   79    5    0    0    0   10   34    0 disorder  1500
D  1  1418020031.943  1418020032.003  0.000000    0.00   3.150   3.604    3.952   79    5    0    0    0   10   34    0 disorder  1500
D  1  1418020032.003  1418020032.052  2.682455    0.00   1.230  27.916   78.406   80   11    0    0    0   22   34    0 disorder  1500
D  1  1418020032.052  1418020032.095  6.143896    0.00  40.402  40.402   40.402   74    5    0    0    0    9   34    0 disorder  1500
D  1  1418020032.095  1418020032.148  2.454256    0.00   1.359   8.483   26.348   78    1    0    0    0    2   34    0 disorder  1500
D  1  1418020032.148  1418020032.193  7.319966    0.00   1.222  20.433   76.318   79    1    0    0    0    2   34    0 disorder  1500
D  1  1418020032.193  1418020032.243  2.608160    0.00     inf     inf      inf   75    0    0    0    0    0   34    0     open  1500
D  1  1418020032.243  1418020032.304  1.069219    0.00   3.940  24.747   58.362   80   17    0    0    0   33   34    0 disorder  1500
D  1  1418020032.304  1418020032.348  4.506663    0.00   1.878  21.843   41.808   77    7    0    0    0   13   34    0 disorder  1500
D  1  1418020032.348  1418020032.400  3.771168    0.00   1.225   9.871   18.517   80   14    0    0    0   28   34    0 disorder  1500
D  1  1418020032.400  1418020032.448  6.845865    0.00   1.898  22.826   64.228   80    9    0    0    0   16   34    0 disorder  1500
D  1  1418020032.448  1418020032.504  3.509976    0.00   1.824  18.056   34.215   81    0    0    0    0    0   34    0     open  1500
D  1  1418020032.504  1418020032.548  4.466412    0.00   3.133  15.451   27.769   81    8    0    0    0   16   34    0 disorder  1500
D  1  1418020032.548  1418020032.595  4.190297    0.00   1.901  16.607   48.811   82   14    0    0    0   28   34    0 disorder  1500
D  1  1418020032.595  1418020032.643  4.109177    0.00   1.814  33.950   66.086   77   12    0    0    0   25   34    0 disorder  1500
D  1  1418020032.643  1418020032.696  3.694314    0.00   1.892  19.181   36.471   81    6    0    0    0   12   34    0 disorder  1500
D  1  1418020032.696  1418020032.744  2.746719    0.00   1.262  10.521   34.334   80    9    0    0    0   17   34    0 disorder  1500
D  1  1418020032.744  1418020032.801  4.544920    0.00   2.182  10.620   27.208   80    5    0    0    0   10   34    0 disorder  1500
D  1  1418020032.801  1418020032.845  3.016245    0.00  47.526  47.526   47.526   80   13    0    0    0   27   34    0 disorder  1500
D  1  1418020032.845  1418020032.904  6.645690    0.00   1.820  21.137   42.601   80    5    0    0    0   10   34    0 disorder  1500
# ID           begin             end   through transac min IAT avg IAT  max IAT uack sack lost retr tret fack reor bkof ca state  pmtu
#                [s]             [s]  [Mbit/s]   [#/s]    [ms]    [ms]     [ms]  [#]  [#]  [#]  [#]  [#]  [#]  [#]  [#]            [B]
D  1  1418020032.904  1418020032.946  3.124731    0.00  36.585  36.585   36.585   80   10    0    0    0   19   34    0 disorder  1500
D  1  1418020032.946  1418020032.994  4.073432    0.00   1.816   9.605   25.897   76    0    0    0    0    0   34    0     open  1500
D  1  1418020032.994  1418020033.047  1.240250    0.00   3.644  29.049   54.454   74   11    0    0    0   23   34    0 disorder  1500
D  1  1418020033.047  1418020033.096  6.693499    0.00   4.473  14.118   30.292   79    8    0    0    0   16   34    0 disorder  1500
D  1  1418020033.096  1418020033.148  3.781683    0.00     inf     inf      inf   79    5    0    0    0   10   34    0 disorder  1500
D  1  1418020033.148  1418020033.200  2.519423    0.00   2.457  26.018   71.184   79   10    0    0    0   20   34    0 disorder  1500
D  1  1418020033.200  1418020033.248  0.000000    0.00   2.966  18.660   64.125   79   16    0    0    0   32   34    0 disorder  1500
D  1  1418020033.248  1418020033.301  4.954094    0.00  54.318  54.318   54.318   76    3    0    0    0    6   34    0 disorder  1500
D  1  1418020033.301  1418020033.344  7.602343    0.00  14.326  14.326   14.326   79    8    0    0    0   16   34    0 disorder  1500
D  1  1418020033.344  1418020033.404  4.369435    0.00   1.904  18.040   47.462   81    3    0    0    0    7   34    0 disorder  1500
D  1  1418020033.404  1418020033.452  1.365012    0.00   1.758  20.314   57.255   79   11    0    0    0   22   34    0 disorder  1500
D  1  1418020033.452  1418020033.493  1.609384    0.00   1.958  15.819   54.257   75    6    0    0    0   12   34    0 disorder  1500
D  1  1418020033.493  1418020033.544  3.871538    0.00  60.334  60.334   60.334   79   13    0    0    0   25   34    0 disorder  1500
D  1  1418020033.544  1418020033.602  5.659371    0.00     inf     inf      inf   80   11    0    0    0   22   34    0 disorder  1500
D  1  1418020033.602  1418020033.644  6.151974    0.00   1.298  16.313   59.986   79    2    0    0    0    4   34    0 disorder  1500
D  1  1418020033.644  1418020033.704  1.092328    0.00   1.987  22.209   62.511   80    9    0    0    0   18   34    0 disorder  1500
D  1  1418020033.704  1418020033.752  5.460346    0.00   1.766  12.536   42.624   80   14    0    0    0   28   34    0 disorder  1500
D  1  1418020033.752  1418020033.794  4.682891    0.00  58.051  58.051   58.051   73    2    0    0    0    4   34    0 disorder  1500
D  1  1418020033.794  1418020033.844  2.621218    0.00     inf     inf      inf   80   10    0    0    0   20   34    0 disorder  1500
D  1  1418020033.844  1418020033.904  4.368585    0.00   1.827  18.363   67.747   79    3    0    0    0    6   34    0 disorder  1500
D  1  1418020033.904  1418020033.945  1.619539    0.00   1.974  20.598   57.773   80   11    0    0    0   22   34    0 disorder  1500
D  1  1418020033.945  1418020034.000  4.711977    0.00   3.537  11.931   28.283   74   11    0    0    0   22   34    0 disorder  1500
D  1  1418020034.000  1418020034.045  2.939493    0.00  50.110  50.110   50.110   82    9    0    0    0   18   34    0 disorder  1500
D  1  1418020034.045  1418020034.096  5.106455    0.00  42.602  42.602   42.602   78    7    0    0    0   14   34    0 disorder  1500
D  1  1418020034.096  1418020034.152  3.511336    0.00   1.757  14.196   51.303   81    3    0    0    0    6   34    0 disorder  1500
# ID           begin             end   through transac min IAT avg IAT  max IAT uack sack lost retr tret fack reor bkof ca state  pmtu
#                [s]             [s]  [Mbit/s]   [#/s]    [ms]    [ms]     [ms]  [#]  [#]  [#]  [#]  [#]  [#]  [#]  [#]            [B]
D  1  1418020034.152  1418020034.196  0.000000    0.00   1.800  12.395   63.648   81   19    0    0    0   36   34    0 disorder  1500
D  1  1418020034.196  1418020034.252  0.000000    0.00     inf     inf      inf   81   20    0    0    0   38   34    0 disorder  1500
D  1  1418020034.252  1418020034.300  0.000000    0.00     inf     inf      inf   81   20    0    0    0   38   34    0 disorder  1500
D  1  1418020034.300  1418020034.348  0.000000    0.00     inf     inf      inf   81   20    0    0    0   38   34    0 disorder  1500
D  1  1418020034.348  1418020034.396  0.000000    0.00     inf     inf      inf   81   20    0    0    0   38   34    0 disorder  1500
