# Mon Dec  8 07:22:28 2014: controlling host = lohengrin, number of flows = 1, reporting interval = 0.05s, [through] = 10**6 bit/second (0.7.1)
# ID           begin             end   through transac min IAT avg IAT max IAT cwnd    ssth uack sack lost retr tret fack reor bkof    rtt rttvar    rto ca state  smss  pmtu
#                [s]             [s]  [Mbit/s]   [#/s]    [ms]    [ms]    [ms]  [#]     [#]  [#]  [#]  [#]  [#]  [#]  [#]  [#]  [#]   [ms]   [ms]   [ms]            [B]   [B]
D  1  1418019718.046  1418019718.097  2.204512    0.00     inf     inf     inf   10 INT_MAX   10    0    0    0    0    0   17    0  239.5  113.0  688.0     open  1448  1500
D  1  1418019718.097  1418019718.142  0.000000    0.00     inf     inf     inf   10 INT_MAX   10    0    0    0    0    0   17    0  239.5  113.0  688.0     open  1448  1500
D  1  1418019718.142  1418019718.202  0.000000    0.00     inf     inf     inf   10 INT_MAX   10    4    0    0    0    7   17    0  239.5  113.0  688.0 disorder  1448  1500
# ID           begin             end   through transac  min IAT  avg IAT  max IAT cwnd    ssth uack sack lost retr tret fack reor bkof    rtt rttvar    rto ca state  smss  pmtu
#                [s]             [s]  [Mbit/s]   [#/s]     [ms]     [ms]     [ms]  [#]     [#]  [#]  [#]  [#]  [#]  [#]  [#]  [#]  [#]   [ms]   [ms]   [ms]            [B]   [B]
D  1  1418019718.202  1418019718.254  5.420900    0.00  128.957  128.957  128.957   10 INT_MAX   10    0    0    0    0    0   17    0  223.0   72.0  672.0     open  1448  1500
D  1  1418019718.254  1418019718.298  0.000000    0.00   46.868   46.868   46.868   10 INT_MAX   10    0    0    0    0    0   17    0  223.0   72.0  672.0     open  1448  1500
D  1  1418019718.298  1418019718.342  0.000000    0.00      inf      inf      inf   10 INT_MAX   10    0    0    0    0    0   17    0  223.0   72.0  672.0     open  1448  1500
D  1  1418019718.342  1418019718.394  0.000000    0.00      inf      inf      inf   10 INT_MAX   15    5    0    0    0   10   17    0  223.0   72.0  672.0 disorder  1448  1500
D  1  1418019718.394  1418019718.441  2.777849    0.00    1.949   45.895  126.513   13 INT_MAX   13    0    0    0    0    0   17    0  201.5   58.0  624.0     open  1448  1500
D  1  1418019718.441  1418019718.498  0.000000    0.00   26.050   35.712   45.375   13 INT_MAX   14    1    0    0    0    2   17    0  201.5   58.0  624.0 disorder  1448  1500
D  1  1418019718.498  1418019718.545  0.000000    0.00   47.156   47.156   47.156   15 INT_MAX   15    0    0    0    0    0   17    0  198.5   39.0  620.0     open  1448  1500
D  1  1418019718.545  1418019718.592  1.416707    0.00   10.183   27.164   44.145   16 INT_MAX   19    3    0    0    0    5   17    0  202.5   38.0  576.0 disorder  1448  1500
D  1  1418019718.592  1418019718.642  1.296465    0.00    7.524   12.355   20.584   18 INT_MAX   18    0    0    0    0    0   17    0  213.0   41.0  588.0     open  1448  1500
D  1  1418019718.642  1418019718.693  0.000000    0.00   12.074   19.753   27.433   19 INT_MAX   22    4    0    0    0    8   17    0  211.5   34.0  584.0 disorder  1448  1500
D  1  1418019718.693  1418019718.750  2.273588    0.00      inf      inf      inf   22 INT_MAX   27    5    0    0    0    8   17    0  218.5   26.0  592.0 disorder  1448  1500
D  1  1418019718.750  1418019718.798  4.078670    0.00    1.085   42.135  101.701   26 INT_MAX   27    1    0    0    0    2   17    0  225.0   47.0  556.0 disorder  1448  1500
D  1  1418019718.798  1418019718.850  0.000000    0.00    3.735    8.263   12.790   28 INT_MAX   32    4    0    0    0    9   17    0  214.5   45.0  544.0 disorder  1448  1500
D  1  1418019718.850  1418019718.894  1.489546    0.00    1.322   38.824   76.326   30 INT_MAX   35    6    0    0    0   12   17    0  208.5   37.0  540.0 disorder  1448  1500
D  1  1418019718.894  1418019718.953  3.359134    0.00   26.720   28.613   30.507   36 INT_MAX   38    4    0    0    0    7   17    0  208.0   23.0  508.0 disorder  1448  1500
D  1  1418019718.953  1418019718.991  3.409486    0.00   17.202   26.013   34.824   38 INT_MAX   41    5    0    0    0   10   17    0  202.0   29.0  500.0 disorder  1448  1500
D  1  1418019718.991  1418019719.041  5.212487    0.00   26.023   26.023   26.023   42 INT_MAX   49    7    0    0    0   13   17    0  194.5   19.0  492.0 disorder  1448  1500
D  1  1418019719.041  1418019719.093  3.794350    0.00   10.262   21.775   30.135   44      43   49    5    0    0    0   11   17    0  214.0   35.0  512.0 disorder  1448  1500
D  1  1418019719.093  1418019719.144  1.303987    0.00   10.890   13.961   19.565   44      43   46    2    0    0    0    4   17    0  254.0   52.0  528.0 disorder  1448  1500
D  1  1418019719.144  1418019719.192  2.680716    0.00    9.038   17.552   24.063   44      43   51    7    0    0    0   13   18    0  285.0   61.0  560.0 disorder  1448  1500
D  1  1418019719.192  1418019719.242  3.993268    0.00   12.164   16.859   21.554   44      43   51    7    0    0    0   14   18    0  331.0   71.0  612.0 disorder  1448  1500
D  1  1418019719.242  1418019719.294  3.754034    0.00   11.206   19.701   30.296   44      43   47    3    0    0    0    6   18    0  397.5   65.0  692.0 disorder  1448  1500
# ID           begin             end   through transac  min IAT  avg IAT  max IAT cwnd ssth uack sack lost retr tret fack reor bkof    rtt rttvar    rto ca state  smss  pmtu
#                [s]             [s]  [Mbit/s]   [#/s]     [ms]     [ms]     [ms]  [#]  [#]  [#]  [#]  [#]  [#]  [#]  [#]  [#]  [#]   [ms]   [ms]   [ms]            [B]   [B]
D  1  1418019719.294  1418019719.346  2.503282    0.00   11.972   13.360   14.717   44   43   51    7    0    0    0   12   18    0  448.5   67.0  744.0 disorder  1448  1500
D  1  1418019719.346  1418019719.395  2.673884    0.00   23.164   25.756   28.347   44   43   49    5    0    0    0   10   18    0  491.5   70.0  784.0 disorder  1448  1500
D  1  1418019719.395  1418019719.450  3.586986    0.00   27.522   27.522   27.522   44   43   51    7    0    0    0   13   18    0  538.0   74.0  836.0 disorder  1448  1500
D  1  1418019719.450  1418019719.494  2.997186    0.00    7.185   22.414   35.459   44   43   51    7    0    0    0   13   18    0  569.0   79.0  888.0 disorder  1448  1500
D  1  1418019719.494  1418019719.543  0.000000    0.00   12.428   12.428   12.428   44   43   51    7    0    0    0   13   18    0  569.0   79.0  888.0 disorder  1448  1500
# ID           begin             end   through transac  min IAT  avg IAT  max IAT cwnd ssth uack sack lost retr tret fack reor bkof    rtt rttvar     rto ca state  smss  pmtu
#                [s]             [s]  [Mbit/s]   [#/s]     [ms]     [ms]     [ms]  [#]  [#]  [#]  [#]  [#]  [#]  [#]  [#]  [#]  [#]   [ms]   [ms]    [ms]            [B]   [B]
D  1  1418019719.543  1418019719.598  3.544708    0.00   40.933   45.214   49.495   44   43   50    6    0    0    0   12   18    0  660.0  108.0  1112.0 disorder  1448  1500
D  1  1418019719.598  1418019719.642  1.489256    0.00    3.248   11.090   14.968   44   43   51    7    0    0    0   14   18    0  715.0  108.0  1164.0 disorder  1448  1500
D  1  1418019719.642  1418019719.698  2.335441    0.00    1.967   27.185   52.404   44   43   49    5    0    0    0   10   18    0  679.5  109.0  1128.0 disorder  1448  1500
D  1  1418019719.698  1418019719.742  0.000000    0.00   17.033   17.033   17.033   44   43   49    5    0    0    0   10   18    0  679.5  109.0  1128.0 disorder  1448  1500
D  1  1418019719.742  1418019719.794  2.520602    0.00      inf      inf      inf   44   43   44    0    0    0    0    0   18    0  560.5  126.0  1064.0     open  1448  1500
D  1  1418019719.794  1418019719.842  0.000000    0.00      inf      inf      inf   44   43   46    2    0    0    0    3   18    0  526.0  130.0  1044.0 disorder  1448  1500
D  1  1418019719.842  1418019719.902  0.000000    0.00  166.309  166.309  166.309   44   43   59   15    0    0    0   33   18    0  526.0  130.0  1044.0 disorder  1448  1500
D  1  1418019719.902  1418019719.942  0.000000    0.00    2.653   15.320   35.394   43   30   59   16    0    0    0   35   38    0  506.5  130.0  1024.0  recover  1448  1500
D  1  1418019719.942  1418019720.002  7.644021    0.00    1.216    9.627   23.235   33   30   37    4    0    0    0    7   38    0  363.5   42.0   880.0  recover  1448  1500
D  1  1418019720.002  1418019720.042  1.638411    0.00   48.450   48.450   48.450   30   30   33    3    0    0    0    6   38    0  305.5   51.0   824.0  recover  1448  1500
D  1  1418019720.042  1418019720.102  0.000000    0.00    8.137   17.578   29.560   44   43   49    5    0    0    0   10   38    0  283.5   49.0   800.0 disorder  1448  1500
D  1  1418019720.102  1418019720.145  1.533113    0.00    2.389   22.994   35.534   44   43   48    4    0    0    0    8   38    0  288.5   27.0   808.0 disorder  1448  1500
D  1  1418019720.145  1418019720.200  2.368473    0.00    7.786   19.583   31.381   44   43   44    0    0    0    0    0   38    0  295.5   44.0   736.0     open  1448  1500
D  1  1418019720.200  1418019720.241  1.599011    0.00    1.237   16.004   27.262   44   43   55   11    0    0    0   21   38    0  295.5   44.0   736.0 disorder  1448  1500
D  1  1418019720.241  1418019720.292  3.878220    0.00   10.091   10.091   10.091   44   43   50    6    0    0    0   13   38    0  237.5   44.0   680.0 disorder  1448  1500
D  1  1418019720.292  1418019720.347  2.391688    0.00   27.022   42.377   57.732   44   43   49    5    0    0    0    9   38    0  245.5   23.0   628.0 disorder  1448  1500
D  1  1418019720.347  1418019720.402  2.363606    0.00    1.290   10.132   17.523   44   43   47    3    0    0    0    8   38    0  274.0   47.0   656.0 disorder  1448  1500
D  1  1418019720.402  1418019720.446  1.485465    0.00    9.626   18.337   38.845   44   43   53    9    0    0    0   15   38    0  309.5   65.0   692.0 disorder  1448  1500
D  1  1418019720.446  1418019720.496  3.932633    0.00    8.757   15.324   26.373   44   43   49    5    0    0    0   12   38    0  352.0   70.0   736.0 disorder  1448  1500
D  1  1418019720.496  1418019720.545  4.024370    0.00   18.560   22.548   26.535   44   43   50    6    0    0    0   13   38    0  415.0   70.0   776.0 disorder  1448  1500
# ID           begin             end   through transac  min IAT  avg IAT  max IAT cwnd ssth uack sack lost retr tret fack reor bkof    rtt rttvar     rto ca state  smss  pmtu
#                [s]             [s]  [Mbit/s]   [#/s]     [ms]     [ms]     [ms]  [#]  [#]  [#]  [#]  [#]  [#]  [#]  [#]  [#]  [#]   [ms]   [ms]    [ms]            [B]   [B]
D  1  1418019720.545  1418019720.601  2.354647    0.00    1.815   14.820   30.849   44   43   52    8    0    0    0   17   38    0  466.5   70.0   828.0 disorder  1448  1500
D  1  1418019720.601  1418019720.647  4.239195    0.00   10.137   13.127   17.040   44   43   48    4    0    0    0    8   38    0  521.0   63.0   884.0 disorder  1448  1500
D  1  1418019720.647  1418019720.695  2.730756    0.00   10.234   19.707   30.299   44   43   48    4    0    0    0   10   38    0  562.0   68.0   912.0 disorder  1448  1500
D  1  1418019720.695  1418019720.749  2.456877    0.00    1.259   12.390   23.182   44   43   50    6    0    0    0   12   38    0  614.5   71.0   964.0 disorder  1448  1500
D  1  1418019720.749  1418019720.797  4.082446    0.00   12.595   17.173   22.954   44   43   49    5    0    0    0   12   38    0  675.0   61.0  1024.0 disorder  1448  1500
D  1  1418019720.797  1418019720.841  2.950584    0.00   10.941   17.604   24.266   44   43   52    8    0    0    0   14   38    0  711.5   59.0  1060.0 disorder  1448  1500
D  1  1418019720.841  1418019720.892  3.904867    0.00   10.521   14.527   18.440   45   43   48    3    0    0    0    6   38    0  767.0   64.0  1100.0 disorder  1448  1500
D  1  1418019720.892  1418019720.946  2.418316    0.00    5.310   15.713   21.830   45   43   48    3    0    0    0    7   38    0  807.0   76.0  1140.0 disorder  1448  1500
D  1  1418019720.946  1418019720.993  2.797483    0.00    8.101   14.824   27.077   45   43   48    7    0    0    0   12   38    0  854.5   76.0  1188.0 disorder  1448  1500
D  1  1418019720.993  1418019721.049  4.625491    0.00   10.450   19.006   25.500   45   43   51    6    0    0    0   11   38    0  901.0   75.0  1232.0 disorder  1448  1500
D  1  1418019721.049  1418019721.094  2.946631    0.00    8.518   12.615   17.882   45   43   52    7    0    0    0   13   38    0  951.5   79.0  1280.0 disorder  1448  1500
# ID           begin             end   through transac  min IAT  avg IAT  max IAT cwnd ssth uack sack lost retr tret fack reor bkof     rtt rttvar     rto ca state  smss  pmtu
#                [s]             [s]  [Mbit/s]   [#/s]     [ms]     [ms]     [ms]  [#]  [#]  [#]  [#]  [#]  [#]  [#]  [#]  [#]  [#]    [ms]   [ms]    [ms]            [B]   [B]
D  1  1418019721.094  1418019721.144  2.598618    0.00    6.748   17.102   25.133   45   43   50    5    0    0    0   11   38    0  1012.5   80.0  1352.0 disorder  1448  1500
D  1  1418019721.144  1418019721.196  3.791158    0.00    0.648   12.906   20.935   45   43   50    5    0    0    0   10   38    0  1079.5   60.0  1416.0 disorder  1448  1500
D  1  1418019721.196  1418019721.242  2.833778    0.00   18.245   19.974   21.703   45   43   51    6    0    0    0   11   38    0  1108.5   61.0  1448.0 disorder  1448  1500
D  1  1418019721.242  1418019721.292  3.931170    0.00    8.173   13.121   17.011   45   43   53    8    0    0    0   15   38    0  1152.5   71.0  1492.0 disorder  1448  1500
D  1  1418019721.292  1418019721.341  4.031926    0.00   11.182   21.601   32.019   45   43   51    6    0    0    0   12   38    0  1207.5   73.0  1544.0 disorder  1448  1500
D  1  1418019721.341  1418019721.396  2.395649    0.00    1.247   10.936   16.658   45   43   49    4    0    0    0    9   38    0  1256.0   76.0  1592.0 disorder  1448  1500
D  1  1418019721.396  1418019721.443  2.806953    0.00   20.596   23.513   27.794   45   43   52    7    0    0    0   13   38    0  1319.0   72.0  1652.0 disorder  1448  1500
D  1  1418019721.443  1418019721.500  3.425768    0.00    8.083   11.601   13.961   45   43   50    5    0    0    0   10   38    0  1363.0   71.0  1696.0 disorder  1448  1500
D  1  1418019721.500  1418019721.550  3.965195    0.00    1.861   14.299   25.889   45   43   49    4    0    0    0    9   38    0  1414.5   68.0  1748.0 disorder  1448  1500
D  1  1418019721.550  1418019721.594  1.459431    0.00    5.863   17.489   28.326   45   43   49    4    0    0    0    9   38    0  1453.5   76.0  1784.0 disorder  1448  1500
D  1  1418019721.594  1418019721.654  3.279227    0.00   10.702   18.956   32.402   45   43   50    5    0    0    0   11   38    0  1502.0   75.0  1832.0 disorder  1448  1500
D  1  1418019721.654  1418019721.692  1.754581    0.00    1.813   12.519   28.152   46   43   51    5    0    0    0    9   38    0  1536.5   86.0  1880.0 disorder  1448  1500
D  1  1418019721.692  1418019721.742  3.946787    0.00    1.912   17.587   33.261   46   43   52    6    0    0    0   11   38    0  1580.5   88.0  1940.0 disorder  1448  1500
D  1  1418019721.742  1418019721.791  2.630524    0.00    1.305   21.590   40.135   46   43   54    8    0    0    0   15   38    0  1626.0   90.0  1992.0 disorder  1448  1500
# ID           begin             end   through transac  min IAT  avg IAT  max IAT cwnd ssth uack sack lost retr tret fack reor bkof     rtt rttvar     rto ca state  smss  pmtu
#                [s]             [s]  [Mbit/s]   [#/s]     [ms]     [ms]     [ms]  [#]  [#]  [#]  [#]  [#]  [#]  [#]  [#]  [#]  [#]    [ms]   [ms]    [ms]            [B]   [B]
D  1  1418019721.791  1418019721.841  3.929409    0.00    1.875   13.066   34.878   46   43   53    7    0    0    0   15   38    0  1689.5   70.0  2060.0 disorder  1448  1500
D  1  1418019721.841  1418019721.893  2.537811    0.00    1.822   13.445   27.772   46   43   51    5    0    0    0   10   38    0  1755.5   84.0  2124.0 disorder  1448  1500
D  1  1418019721.893  1418019721.950  3.428517    0.00    1.911   17.130   32.188   46   43   56   10    0    0    0   21   38    0  1786.0   83.0  2156.0 disorder  1448  1500
D  1  1418019721.950  1418019721.991  1.596104    0.00   22.042   27.597   33.152   47   43   55    9    0    0    0   17   38    0  1820.5   88.0  2192.0 disorder  1448  1500
D  1  1418019721.991  1418019722.050  3.334737    0.00    1.855   11.929   26.587   47   43   54    7    0    0    0   16   38    0  1893.0   82.0  2264.0 disorder  1448  1500
D  1  1418019722.050  1418019722.098  4.097050    0.00   19.412   20.932   22.453   47   43   57   10    0    0    0   20   38    0  1954.0   80.0  2324.0 disorder  1448  1500
D  1  1418019722.098  1418019722.144  2.906116    0.00    1.829   10.744   21.865   47   43   49    2    0    0    0    5   38    0  2015.0   71.0  2384.0 disorder  1448  1500
D  1  1418019722.144  1418019722.198  3.580911    0.00    1.851   19.048   29.414   48   43   51    3    0    0    0    6   38    0  2065.0   68.0  2436.0 disorder  1448  1500
D  1  1418019722.198  1418019722.241  1.528594    0.00    1.231   11.843   21.122   48   43   56    8    0    0    0   16   38    0  2101.5   71.0  2472.0 disorder  1448  1500
D  1  1418019722.241  1418019722.291  3.934209    0.00   19.262   24.858   28.845   48   43   56    8    0    0    0   17   38    0  2147.5   74.0  2516.0 disorder  1448  1500
D  1  1418019722.291  1418019722.343  2.511080    0.00    1.915   12.514   24.143   48   43   52    4    0    0    0    8   38    0  2208.5   73.0  2564.0 disorder  1448  1500
D  1  1418019722.343  1418019722.397  3.651019    0.00    1.877   11.219   20.560   48   43   56    8    0    0    0   14   38    0  2248.0   78.0  2604.0 disorder  1448  1500
D  1  1418019722.397  1418019722.442  2.962318    0.00    2.606   20.003   35.423   49   43   53    8    0    0    0   17   38    0  2300.0   82.0  2656.0 disorder  1448  1500
D  1  1418019722.442  1418019722.502  4.306440    0.00    2.447   18.993   33.444   49   43   52    3    0    0    0    8   38    0  2363.0   79.0  2728.0 disorder  1448  1500
D  1  1418019722.502  1418019722.542  1.647041    0.00    1.168   10.120   26.858   49   43   54    6    0    0    0   12   38    0  2398.5   73.0  2764.0 disorder  1448  1500
D  1  1418019722.542  1418019722.602  2.176811    0.00    1.778   15.698   32.425   49   43   54    6    0    0    0   12   38    0  2436.5   76.0  2804.0 disorder  1448  1500
D  1  1418019722.602  1418019722.651  5.446470    0.00    3.124   16.252   39.939   50   43   58    8    0    0    0   15   38    0  2488.5   82.0  2856.0 disorder  1448  1500
D  1  1418019722.651  1418019722.693  4.668522    0.00   21.452   21.452   21.452   50   43   56    6    0    0    0   14   38    0  2545.5   86.0  2916.0 disorder  1448  1500
D  1  1418019722.693  1418019722.745  2.513101    0.00    1.171   16.402   34.763   51   43   56    5    0    0    0   10   38    0  2595.0   81.0  2964.0 disorder  1448  1500
D  1  1418019722.745  1418019722.802  3.455338    0.00    2.197   14.672   38.907   51   43   59    8    0    0    0   15   38    0  2646.5   83.0  3016.0 disorder  1448  1500
D  1  1418019722.802  1418019722.850  2.690476    0.00    1.773   16.490   45.350   51   43   57    6    0    0    0   12   38    0  2690.5   88.0  3060.0 disorder  1448  1500
D  1  1418019722.850  1418019722.903  3.775173    0.00   14.006   25.769   37.532   52   43   59    7    0    0    0   14   38    0  2746.0   88.0  3116.0 disorder  1448  1500
D  1  1418019722.903  1418019722.942  3.282673    0.00    1.309   15.423   29.536   52   43   60    8    0    0    0   14   38    0  2788.0   86.0  3160.0 disorder  1448  1500
D  1  1418019722.942  1418019723.002  3.276660    0.00    1.201   13.444   34.572   52   43   59    7    0    0    0   15   38    0  2834.0   91.0  3204.0 disorder  1448  1500
D  1  1418019723.002  1418019723.044  3.140170    0.00    1.768   26.071   50.375   53   43   61    8    0    0    0   15   38    0  2923.0   74.0  3300.0 disorder  1448  1500
# ID           begin             end   through transac  min IAT  avg IAT  max IAT cwnd ssth uack sack lost retr tret fack reor bkof     rtt rttvar     rto ca state  smss  pmtu
#                [s]             [s]  [Mbit/s]   [#/s]     [ms]     [ms]     [ms]  [#]  [#]  [#]  [#]  [#]  [#]  [#]  [#]  [#]  [#]    [ms]   [ms]    [ms]            [B]   [B]
D  1  1418019723.044  1418019723.094  3.911442    0.00    2.422   13.528   22.542   53   43   59    6    0    0    0   14   38    0  2951.5   75.0  3328.0 disorder  1448  1500
D  1  1418019723.094  1418019723.149  2.419849    0.00    1.338   16.696   31.952   54   43   59    5    0    0    0    9   38    0  3018.5   68.0  3396.0 disorder  1448  1500
D  1  1418019723.149  1418019723.198  2.630134    0.00    1.908   16.884   31.860   55   43   59    4    0    0    0    8   38    0  3045.0   71.0  3424.0 disorder  1448  1500
D  1  1418019723.198  1418019723.241  3.053063    0.00    1.823   19.067   27.793   55   43   62    7    0    0    0   13   38    0  3098.0   83.0  3476.0 disorder  1448  1500
D  1  1418019723.241  1418019723.292  1.289877    0.00    2.244   15.121   40.831   55   43   65   10    0    0    0   19   38    0  3129.0   86.0  3496.0 disorder  1448  1500
D  1  1418019723.292  1418019723.348  4.711049    0.00   40.736   40.736   40.736   56   43   57    1    0    0    0    2   38    0  2489.5  260.0  3528.0 disorder  1448  1500
D  1  1418019723.348  1418019723.393  1.464274    0.00    1.928   17.306   38.439   56   43   63    7    0    0    0   14   38    0  1953.0  375.0  3452.0 disorder  1448  1500
D  1  1418019723.393  1418019723.450  3.396448    0.00    2.706   15.032   38.580   57   43   67   10    0    0    0   20   38    0  1251.0  496.0  3232.0 disorder  1448  1500
D  1  1418019723.450  1418019723.491  1.614223    0.00    1.909   25.664   42.548   57   43   61    4    0    0    0    9   38    0   931.0  527.0  3036.0 disorder  1448  1500
D  1  1418019723.491  1418019723.542  6.375784    0.00    2.932   12.591   30.846   58   43   63    5    0    0    0   10   38    0   521.0  301.0  2636.0 disorder  1448  1500
D  1  1418019723.542  1418019723.598  2.340333    0.00    2.220   15.738   42.584   59   43   66    7    0    0    0   14   38    0   463.0  110.0  2576.0 disorder  1448  1500
D  1  1418019723.598  1418019723.654  2.340572    0.00    1.831   21.347   48.757   60   43   63    3    0    0    0    6   38    0   463.0   38.0  2576.0 disorder  1448  1500
D  1  1418019723.654  1418019723.699  1.487249    0.00    1.892   16.622   31.352   60   43   68   13    0    0    0   26   38    0   469.5   33.0  2584.0 disorder  1448  1500
D  1  1418019723.699  1418019723.750  2.555435    0.00    1.823   16.885   40.341   60   43   68   11    0    0    0   20   38    0   388.0   48.0  2504.0 disorder  1448  1500
D  1  1418019723.750  1418019723.791  4.760230    0.00   26.822   32.818   38.814   61   43   66    5    0    0    0   10   38    0   329.5   52.0  2444.0 disorder  1448  1500
D  1  1418019723.791  1418019723.845  0.000000    0.00    1.860   14.822   27.784   61   43   69   14    0    0    0   29   38    0   329.5   52.0  2444.0 disorder  1448  1500
D  1  1418019723.845  1418019723.903  5.690418    0.00    3.740   13.567   26.562   62   43   71   10    0    0    0   20   38    0   362.0   39.0  2000.0 disorder  1448  1500
D  1  1418019723.903  1418019723.942  0.000000    0.00    1.897   27.023   52.148   63   43   69    9    0    0    0   18   38    0   367.5   41.0  2004.0 disorder  1448  1500
D  1  1418019723.942  1418019723.995  6.205367    0.00    1.734   10.864   28.039   64   43   70    6    0    0    0   12   38    0   391.0   70.0  2028.0 disorder  1448  1500
D  1  1418019723.995  1418019724.041  2.793673    0.00   76.944   76.944   76.944   64   43   64    0    0    0    0    0   38    0   351.0   72.0  1988.0     open  1448  1500
D  1  1418019724.041  1418019724.103  0.000000    0.00    9.135   17.101   25.067   64   43   64    0    0    0    0    0   38    0   347.5   61.0  1984.0     open  1448  1500
D  1  1418019724.103  1418019724.151  0.000000    0.00      inf      inf      inf   64   43   64    0    0    0    0    0   38    0   347.5   61.0  1984.0     open  1448  1500
D  1  1418019724.151  1418019724.199  0.000000    0.00      inf      inf      inf   65   43   74    9    0    0    0   18   38    0   352.5   56.0  1992.0 disorder  1448  1500
D  1  1418019724.199  1418019724.245  4.273821    0.00      inf      inf      inf   66   43   75    9    0    0    0   18   38    0   382.0   48.0  2020.0 disorder  1448  1500
D  1  1418019724.245  1418019724.295  3.928604    0.00    1.812   49.510  188.431   67   43   84   23    0    0    0   25   44    0   390.5   19.0  1692.0 disorder  1448  1500
# ID           begin             end   through transac  min IAT  avg IAT  max IAT cwnd ssth uack sack lost retr tret fack reor bkof     rtt rttvar     rto ca state  smss  pmtu
#                [s]             [s]  [Mbit/s]   [#/s]     [ms]     [ms]     [ms]  [#]  [#]  [#]  [#]  [#]  [#]  [#]  [#]  [#]  [#]    [ms]   [ms]    [ms]            [B]   [B]
D  1  1418019724.295  1418019724.347  0.000000    0.00    1.822   10.909   45.560   67   43   84   23    0    0    0   25   44    0   390.5   19.0  1692.0 disorder  1448  1500
D  1  1418019724.347  1418019724.395  0.000000    0.00      inf      inf      inf   67   43   84   23    0    0    0   25   44    0   390.5   19.0  1692.0 disorder  1448  1500
D  1  1418019724.395  1418019724.451  0.000000    0.00   79.155   79.155   79.155   40   46   84   53    2    9    0   55   44    0   390.5   19.0  1692.0  recover  1448  1500
D  1  1418019724.451  1418019724.499  0.000000    0.00      inf      inf      inf   40   46   84   67    2   24    0   84   44    0   390.5   19.0  1692.0  recover  1448  1500
D  1  1418019724.499  1418019724.549  0.000000    0.00    1.959   36.937   96.547   40   46   84   67    2   24    0   84   44    0   390.5   19.0  1692.0  recover  1448  1500
D  1  1418019724.549  1418019724.595  0.000000    0.00    1.774   14.432   27.089   40   46   84   81    2   24    0   84   44    0   390.5   19.0  1692.0  recover  1448  1500
# ID           begin             end    through transac  min IAT  avg IAT  max IAT cwnd ssth uack sack lost retr tret fack reor bkof     rtt rttvar     rto ca state  smss  pmtu
#                [s]             [s]   [Mbit/s]   [#/s]     [ms]     [ms]     [ms]  [#]  [#]  [#]  [#]  [#]  [#]  [#]  [#]  [#]  [#]    [ms]   [ms]    [ms]            [B]   [B]
D  1  1418019724.595  1418019724.643  19.115293    0.00    1.228   13.475   59.452   44   46   44    0    0    0    0    0   44    0   365.0   24.0  1392.0 disorder  1448  1500
D  1  1418019724.643  1418019724.699   0.000000    0.00    2.167   22.531   38.770   44   46   44    0    0    0    0    0   44    0   365.0   24.0  1392.0 disorder  1448  1500
D  1  1418019724.699  1418019724.747   0.000000    0.00    1.808   11.906   20.686   45   46   48    3    0    0    0    6   44    0   336.5   30.0  1160.0 disorder  1448  1500
D  1  1418019724.747  1418019724.799   0.000000    0.00      inf      inf      inf   45   46   65   20    0    0    0   42   44    0   336.5   30.0  1160.0 disorder  1448  1500
D  1  1418019724.799  1418019724.847   9.557789    0.00    1.878   49.753   97.627   47   46   47    0    0    0    0    0   44    0   247.5   34.0  1068.0     open  1448  1500
D  1  1418019724.847  1418019724.899   0.000000    0.00    1.556    8.903   23.343   48   46   48    0    0    0    0    0   44    0   249.0   29.0  1072.0     open  1448  1500
D  1  1418019724.899  1418019724.951   0.000000    0.00    1.290   12.611   51.608   48   46   55    7    0    0    0   13   44    0   243.0   29.0   908.0 disorder  1448  1500
D  1  1418019724.951  1418019725.003   5.042313    0.00    1.327   21.362   41.398   49   46   61   12    0    0    0   24   44    0   235.5   15.0   900.0 disorder  1448  1500
D  1  1418019725.003  1418019725.049   0.000000    0.00      inf      inf      inf   49   46   61   12    0    0    0   24   44    0   235.5   15.0   900.0 disorder  1448  1500
D  1  1418019725.049  1418019725.099   0.000000    0.00      inf      inf      inf   49   46   61   12    0    0    0   24   44    0   235.5   15.0   900.0 disorder  1448  1500
D  1  1418019725.099  1418019725.151   5.039563    0.00    1.826   33.873  161.689   50   46   50    0    0    0    0    0   44    0   299.5   64.0   964.0     open  1448  1500
D  1  1418019725.151  1418019725.200   0.000000    0.00   56.015   56.015   56.015   50   46   54    4    0    0    0    8   44    0   291.5   64.0   864.0 disorder  1448  1500
D  1  1418019725.200  1418019725.251   2.591305    0.00    1.224    8.138   17.877   51   46   60    9    0    0    0   19   44    0   284.5   31.0   860.0 disorder  1448  1500
D  1  1418019725.251  1418019725.303   5.039886    0.00   46.351   46.351   46.351   52   46   58    6    0    0    0   12   44    0   251.5   22.0   824.0 disorder  1448  1500
D  1  1418019725.303  1418019725.344   1.587192    0.00   56.869   56.869   56.869   53   46   55    2    0    0    0    4   44    0   231.5   21.0   804.0 disorder  1448  1500
D  1  1418019725.344  1418019725.395   0.000000    0.00    1.346    5.757    9.929   53   46   60    7    0    0    0   14   44    0   231.5   21.0   804.0 disorder  1448  1500
D  1  1418019725.395  1418019725.442   0.000000    0.00    3.455   16.611   52.078   53   46   55    2    0    0    0    4   44    0   259.0   53.0   744.0 disorder  1448  1500
D  1  1418019725.442  1418019725.500   5.667235    0.00   28.342   29.727   31.112   55   46   60    5    0    0    0    9   44    0   236.0   20.0   724.0 disorder  1448  1500
D  1  1418019725.500  1418019725.541   3.162642    0.00    1.875   28.581   55.287   55   46   58    3    0    0    0    6   44    0   228.5   15.0   716.0 disorder  1448  1500
# ID           begin             end    through transac  min IAT  avg IAT  max IAT cwnd ssth uack sack lost retr tret fack reor bkof     rtt rttvar     rto ca state  smss  pmtu
#                [s]             [s]   [Mbit/s]   [#/s]     [ms]     [ms]     [ms]  [#]  [#]  [#]  [#]  [#]  [#]  [#]  [#]  [#]  [#]    [ms]   [ms]    [ms]            [B]   [B]
D  1  1418019725.541  1418019725.603   0.000000    0.00    1.274   11.846   41.000   55   46   55    0    0    0    0    0   44    0   237.0   24.0   660.0     open  1448  1500
D  1  1418019725.603  1418019725.643   0.000000    0.00    1.891    9.220   28.842   55   46   68   13    0    0    0   26   44    0   237.0   24.0   660.0 disorder  1448  1500
D  1  1418019725.643  1418019725.695   3.781249    0.00   44.241   44.241   44.241   56   46   64    8    0    0    0   16   44    0   306.0   56.0   728.0 disorder  1448  1500
D  1  1418019725.695  1418019725.741   4.226767    0.00   26.913   34.838   42.764   57   46   61    4    0    0    0    7   44    0   344.0   68.0   768.0 disorder  1448  1500
D  1  1418019725.741  1418019725.799   1.139404    0.00    2.325    2.523    2.721   57   46   64    7    0    0    0   15   44    0   365.0   75.0   788.0 disorder  1448  1500
D  1  1418019725.799  1418019725.841   1.543894    0.00    1.830   15.807   58.068   57   46   62    5    0    0    0   11   44    0   340.0   76.0   736.0 disorder  1448  1500
D  1  1418019725.841  1418019725.892   3.857611    0.00   11.448   11.448   11.448   58   46   66    8    0    0    0   15   44    0   336.5   22.0   732.0 disorder  1448  1500
D  1  1418019725.892  1418019725.941   5.311804    0.00    1.834   22.640   70.854   59   46   63    4    0    0    0    7   44    0   359.5   35.0   752.0 disorder  1448  1500
D  1  1418019725.941  1418019725.995   1.231262    0.00   29.039   29.039   29.039   59   46   60    1    0    0    0    2   44    0   304.0   43.0   700.0 disorder  1448  1500
D  1  1418019725.995  1418019726.047   1.260237    0.00    2.019   17.447   46.862   59   46   71   12    0    0    0   24   44    0   299.0   43.0   664.0 disorder  1448  1500
D  1  1418019726.047  1418019726.095   5.461024    0.00    0.567   11.043   26.897   60   46   70   10    0    0    0   19   44    0   318.0   28.0   684.0 disorder  1448  1500
D  1  1418019726.095  1418019726.141   2.805506    0.00   24.344   42.394   60.444   61   46   66    5    0    0    0   10   44    0   343.0   31.0   708.0 disorder  1448  1500
D  1  1418019726.141  1418019726.199   2.286505    0.00    1.752   11.014   36.210   61   46   66    5    0    0    0   12   44    0   384.5   52.0   752.0 disorder  1448  1500
D  1  1418019726.199  1418019726.241   0.000000    0.00   21.536   21.613   21.691   61   46   70    9    0    0    0   19   44    0   409.0   72.0   752.0 disorder  1448  1500
D  1  1418019726.241  1418019726.299   6.867169    0.00    3.427   11.193   22.889   62   46   70    8    0    0    0   16   44    0   336.0  103.0   748.0 disorder  1448  1500
D  1  1418019726.299  1418019726.342   0.000000    0.00      inf      inf      inf   62   46   70    8    0    0    0   16   44    0   336.0  103.0   748.0 disorder  1448  1500
D  1  1418019726.342  1418019726.395   2.468128    0.00    1.825   24.216   70.015   62   46   64    2    0    0    0    5   44    0   292.5   28.0   704.0 disorder  1448  1500
D  1  1418019726.395  1418019726.442   1.396461    0.00    1.255   17.843   39.986   63   46   66    3    0    0    0    6   44    0   306.0   40.0   716.0 disorder  1448  1500
D  1  1418019726.442  1418019726.491   1.315904    0.00    1.816   16.911   28.706   63   46   72    9    0    0    0   18   44    0   278.0   63.0   688.0 disorder  1448  1500
D  1  1418019726.491  1418019726.551   3.316684    0.00   24.929   24.929   24.929   63   46   75   12    0    0    0   23   44    0   256.5   37.0   668.0 disorder  1448  1500
D  1  1418019726.551  1418019726.591   1.619816    0.00    1.882   18.703   54.289   63   46   71    8    0    0    0   16   44    0   248.5   35.0   660.0 disorder  1448  1500
D  1  1418019726.591  1418019726.641   2.609027    0.00      inf      inf      inf   64   46   77   13    0    0    0   27   44    0   257.5   24.0   668.0 disorder  1448  1500
D  1  1418019726.641  1418019726.698   1.157761    0.00    2.512   18.894   51.149   64   46   79   15    0    0    0   28   44    0   306.5   58.0   676.0 disorder  1448  1500
D  1  1418019726.698  1418019726.742   3.002981    0.00    1.910   10.591   19.272   64   46   75   11    0    0    0   22   44    0   323.0   50.0   692.0 disorder  1448  1500
D  1  1418019726.742  1418019726.803   3.219377    0.00    1.819   16.525   41.190   65   46   76   11    0    0    0   22   44    0   383.0   59.0   752.0 disorder  1448  1500
# ID           begin             end    through transac  min IAT  avg IAT  max IAT cwnd ssth uack sack lost retr tret fack reor bkof     rtt rttvar     rto ca state  smss  pmtu
#                [s]             [s]   [Mbit/s]   [#/s]     [ms]     [ms]     [ms]  [#]  [#]  [#]  [#]  [#]  [#]  [#]  [#]  [#]  [#]    [ms]   [ms]    [ms]            [B]   [B]
D  1  1418019726.803  1418019726.841   5.081204    0.00   51.931   51.931   51.931   65   46   71    6    0    0    0   12   44    0   439.5   71.0   808.0 disorder  1448  1500
D  1  1418019726.841  1418019726.895   2.458701    0.00    2.496   12.768   18.458   65   46   76   11    0    0    0   22   44    0   391.5   84.0   752.0 disorder  1448  1500
D  1  1418019726.895  1418019726.951   3.510170    0.00    4.390   18.443   33.622   65   46   74    9    0    0    0   18   44    0   284.5   69.0   648.0 disorder  1448  1500
D  1  1418019726.951  1418019726.994   3.049016    0.00    1.806   14.623   28.939   65   46   68    3    0    0    0    7   44    0   283.0   18.0   644.0 disorder  1448  1500
D  1  1418019726.994  1418019727.047   3.709220    0.00    3.631   10.004   16.376   65   46   74    9    0    0    0   18   44    0   304.5   32.0   668.0 disorder  1448  1500
D  1  1418019727.047  1418019727.091   0.000000    0.00    1.885   22.730   50.994   66   46   82   16    0    0    0   31   44    0   311.5   38.0   672.0 disorder  1448  1500
D  1  1418019727.091  1418019727.147   7.114585    0.00   19.324   21.957   24.591   66   46   72    6    0    0    0   12   44    0   412.0   60.0   776.0 disorder  1448  1500
D  1  1418019727.147  1418019727.203   2.333211    0.00    2.070   15.237   39.095   66   46   73    7    0    0    0   14   44    0   428.5   63.0   792.0 disorder  1448  1500
D  1  1418019727.203  1418019727.241   3.405389    0.00   17.711   17.711   17.711   66   46   74    8    0    0    0   14   44    0   493.0   72.0   856.0 disorder  1448  1500
D  1  1418019727.241  1418019727.299   3.418426    0.00    2.780   19.877   41.725   66   46   72    6    0    0    0   12   44    0   525.0   67.0   888.0 disorder  1448  1500
D  1  1418019727.299  1418019727.347   2.730268    0.00    2.475   19.130   35.784   66   46   76   10    0    0    0   21   44    0   575.0   77.0   920.0 disorder  1448  1500
D  1  1418019727.347  1418019727.403   4.680884    0.00    2.071   14.645   31.576   67   46   81   14    0    0    0   27   44    0   643.0   70.0   988.0 disorder  1448  1500
D  1  1418019727.403  1418019727.455   3.781128    0.00    1.918   19.732   35.258   67   46   75    8    0    0    0   15   44    0   696.5   68.0  1044.0 disorder  1448  1500
D  1  1418019727.455  1418019727.499   1.489320    0.00    1.825   21.417   41.009   67   46   79   12    0    0    0   23   44    0   715.5   72.0  1060.0 disorder  1448  1500
D  1  1418019727.499  1418019727.543   4.468010    0.00    1.888   11.411   28.146   67   46   72    5    0    0    0   12   44    0   781.0   80.0  1132.0 disorder  1448  1500
D  1  1418019727.543  1418019727.595   2.520509    0.00   17.808   30.950   44.091   67   46   76    9    0    0    0   18   44    0   822.0   80.0  1172.0 disorder  1448  1500
D  1  1418019727.595  1418019727.647   3.780954    0.00    1.908    9.935   28.248   67   46   79   12    0    0    0   23   44    0   882.5   75.0  1240.0 disorder  1448  1500
D  1  1418019727.647  1418019727.695   4.082790    0.00   51.255   51.255   51.255   67   46   70    3    0    0    0    6   44    0   930.0   77.0  1288.0 disorder  1448  1500
D  1  1418019727.695  1418019727.749   1.211316    0.00    1.808   13.000   36.422   67   46   77   10    0    0    0   21   44    0   979.5   82.0  1336.0 disorder  1448  1500
D  1  1418019727.749  1418019727.793   5.903608    0.00   40.296   40.296   40.296   67   46   72    5    0    0    0   10   44    0  1044.5   75.0  1404.0 disorder  1448  1500
D  1  1418019727.793  1418019727.847   0.000000    0.00    1.210   13.798   27.423   67   46   77   10    0    0    0   21   44    0  1044.5   75.0  1404.0 disorder  1448  1500
D  1  1418019727.847  1418019727.893   7.085322    0.00   16.236   16.236   16.236   67   46   72    5    0    0    0   10   44    0  1006.5   99.0  1400.0 disorder  1448  1500
D  1  1418019727.893  1418019727.941   1.355808    0.00    1.903   23.555   48.570   67   46   74    7    0    0    0   14   44    0   683.0  162.0  1328.0 disorder  1448  1500
D  1  1418019727.941  1418019727.997   1.171393    0.00    2.151   11.834   21.876   67   46   72    5    0    0    0   11   44    0   422.5  165.0  1152.0 disorder  1448  1500
D  1  1418019727.997  1418019728.043   4.319286    0.00    1.813   17.042   30.067   67   46   80   13    0    0    0   27   44    0   380.0  106.0  1112.0 disorder  1448  1500
# ID           begin             end    through transac  min IAT  avg IAT  max IAT cwnd ssth uack sack lost retr tret fack reor bkof     rtt rttvar     rto ca state  smss  pmtu
#                [s]             [s]   [Mbit/s]   [#/s]     [ms]     [ms]     [ms]  [#]  [#]  [#]  [#]  [#]  [#]  [#]  [#]  [#]  [#]    [ms]   [ms]    [ms]            [B]   [B]
D  1  1418019728.043  1418019728.099   5.850408    0.00    7.668   13.471   19.275   67   46   73    6    0    0    0   13   44    0   269.0   81.0  1000.0 disorder  1448  1500
D  1  1418019728.099  1418019728.141   1.546935    0.00    6.020   28.298   57.999   67   46   75    8    0    0    0   16   44    0   273.5   33.0  1004.0 disorder  1448  1500
D  1  1418019728.141  1418019728.203   1.063304    0.00    2.294   11.704   27.765   67   46   78   11    0    0    0   22   44    0   293.5   38.0  1024.0 disorder  1448  1500
D  1  1418019728.203  1418019728.247   2.978625    0.00    1.904   16.081   26.863   67   46   76    9    0    0    0   18   44    0   325.5   56.0  1056.0 disorder  1448  1500
D  1  1418019728.247  1418019728.299   5.041434    0.00    2.653   19.781   36.909   67   46   70    3    0    0    0    5   44    0   305.5   69.0  1036.0 disorder  1448  1500
D  1  1418019728.299  1418019728.343   0.000000    0.00   12.687   21.871   31.055   67   46   77   10    0    0    0   19   44    0   289.5   67.0  1020.0 disorder  1448  1500
D  1  1418019728.343  1418019728.391   2.692611    0.00    1.783   21.844   39.618   67   46   79   12    0    0    0   25   44    0   287.5   25.0  1016.0 disorder  1448  1500
D  1  1418019728.391  1418019728.452   3.258507    0.00    1.946   14.175   27.385   67   46   75    8    0    0    0   17   44    0   334.0   52.0   952.0 disorder  1448  1500
D  1  1418019728.452  1418019728.492   6.595236    0.00   14.441   14.441   14.441   67   46   71    4    0    0    0    8   44    0   378.0   55.0   996.0 disorder  1448  1500
D  1  1418019728.492  1418019728.547   2.372490    0.00    3.009   19.372   37.108   67   46   75    8    0    0    0   16   44    0   403.0   62.0  1020.0 disorder  1448  1500
D  1  1418019728.547  1418019728.593   4.234167    0.00    2.015   19.916   37.817   67   46   72    5    0    0    0   10   44    0   439.0   68.0  1056.0 disorder  1448  1500
D  1  1418019728.593  1418019728.643   2.643730    0.00    1.955   18.854   28.742   67   46   73    6    0    0    0   13   44    0   435.5   83.0   976.0 disorder  1448  1500
D  1  1418019728.643  1418019728.695   3.779118    0.00    1.278   14.119   37.470   67   46   81   15    0    0    0   30   44    0   333.0   93.0   876.0 disorder  1448  1500
D  1  1418019728.695  1418019728.744   2.659024    0.00    3.482   21.912   34.773   67   46   75   13    0    0    0   26   44    0   301.0   54.0   844.0 disorder  1448  1500
D  1  1418019728.744  1418019728.803   5.583613    0.00    1.854   17.404   37.117   67   46   74    7    0    0    0   14   44    0   313.5   24.0   856.0 disorder  1448  1500
D  1  1418019728.803  1418019728.841   5.097663    0.00    1.872   17.462   48.402   67   46   74    7    0    0    0   13   44    0   348.5   49.0   852.0 disorder  1448  1500
D  1  1418019728.841  1418019728.903   2.133425    0.00   14.437   23.144   31.850   67   46   76    9    0    0    0   17   44    0   385.5   66.0   888.0 disorder  1448  1500
D  1  1418019728.903  1418019728.943   4.911224    0.00    1.847   15.893   29.938   67   46   75    8    0    0    0   17   44    0   427.0   77.0   928.0 disorder  1448  1500
D  1  1418019728.943  1418019728.991   4.063696    0.00    0.893   17.236   39.468   67   46   70    3    0    0    0    6   44    0   486.5   70.0   988.0 disorder  1448  1500
D  1  1418019728.991  1418019729.041   3.927295    0.00   14.883   14.883   14.883   67   46   72    5    0    0    0    8   44    0   521.0   71.0   980.0 disorder  1448  1500
D  1  1418019729.041  1418019729.099   2.273682    0.00    1.312   17.173   38.382   67   46   79   12    0    0    0   24   44    0   564.0   84.0  1024.0 disorder  1448  1500
D  1  1418019729.099  1418019729.141   3.091607    0.00   26.639   34.172   41.706   67   46   81   14    0    0    0   28   44    0   549.0  100.0  1008.0 disorder  1448  1500
D  1  1418019729.141  1418019729.195   6.125358    0.00    1.826   13.254   36.005   67   46   77   10    0    0    0   21   44    0   347.0  118.0   820.0 disorder  1448  1500
D  1  1418019729.195  1418019729.247   3.766999    0.00    1.229   18.075   34.922   67   46   74    7    0    0    0   13   44    0   318.5   29.0   792.0 disorder  1448  1500
D  1  1418019729.247  1418019729.292   4.412378    0.00    2.254   10.527   34.252   67   46   74    7    0    0    0   14   44    0   334.0   29.0   808.0 disorder  1448  1500
# ID           begin             end    through transac  min IAT  avg IAT  max IAT cwnd ssth uack sack lost retr tret fack reor bkof     rtt rttvar     rto ca state  smss  pmtu
#                [s]             [s]   [Mbit/s]   [#/s]     [ms]     [ms]     [ms]  [#]  [#]  [#]  [#]  [#]  [#]  [#]  [#]  [#]  [#]    [ms]   [ms]    [ms]            [B]   [B]
D  1  1418019729.292  1418019729.351   3.318045    0.00   19.916   25.621   34.163   67   46   77   10    0    0    0   20   44    0   360.0   44.0   836.0 disorder  1448  1500
D  1  1418019729.351  1418019729.395   4.467937    0.00    1.809   14.950   23.571   67   46   72    5    0    0    0   13   44    0   408.5   58.0   884.0 disorder  1448  1500
D  1  1418019729.395  1418019729.447   2.516022    0.00    2.009   20.009   38.008   67   46   76    9    0    0    0   18   44    0   441.5   63.0   916.0 disorder  1448  1500
D  1  1418019729.447  1418019729.495   4.103288    0.00    1.170   12.088   30.782   67   46   75    8    0    0    0   16   44    0   499.0   59.0   928.0 disorder  1448  1500
D  1  1418019729.495  1418019729.541   4.219521    0.00    2.036   22.524   43.096   67   46   74    7    0    0    0   14   44    0   556.5   74.0   988.0 disorder  1448  1500
D  1  1418019729.541  1418019729.603   5.336026    0.00   18.572   26.902   35.232   67   46   72    5    0    0    0   12   44    0   611.0   64.0  1040.0 disorder  1448  1500
D  1  1418019729.603  1418019729.643   3.230798    0.00   15.690   17.897   20.104   67   46   70    3    0    0    0    7   44    0   647.0   69.0  1076.0 disorder  1448  1500
D  1  1418019729.643  1418019729.695   3.822350    0.00    1.219   12.713   19.346   67   46   74    7    0    0    0   14   44    0   709.5   68.0  1112.0 disorder  1448  1500
D  1  1418019729.695  1418019729.743   2.730173    0.00    1.925   21.345   32.756   67   46   79   14    0    0    0   26   44    0   747.5   63.0  1148.0 disorder  1448  1500
D  1  1418019729.743  1418019729.793   3.892573    0.00    1.928   19.837   31.849   68   46   74    6    0    0    0   11   44    0   781.0   65.0  1184.0 disorder  1448  1500
D  1  1418019729.793  1418019729.843   0.000000    0.00    7.679    7.679    7.679   68   46   72    4    0    0    0    8   44    0   794.5   76.0  1196.0 disorder  1448  1500
D  1  1418019729.843  1418019729.903   0.000000    0.00      inf      inf      inf   68   46   77    9    0    0    0   18   44    0   794.5   76.0  1196.0 disorder  1448  1500
D  1  1418019729.903  1418019729.946   3.047224    0.00      inf      inf      inf   68   46   73    5    0    0    0   11   44    0   879.0  138.0  1428.0 disorder  1448  1500
D  1  1418019729.946  1418019729.999   9.867817    0.00      inf      inf      inf   68   46   68    0    0    0    0    0   44    0   705.0  146.0  1288.0     open  1448  1500
D  1  1418019729.999  1418019730.042   0.000000    0.00    1.957   78.481  216.208   68   46   68    0    0    0    0    0   44    0   705.0  146.0  1288.0     open  1448  1500
D  1  1418019730.042  1418019730.099   0.000000    0.00   12.180   15.004   20.609   68   46   72    4    0    0    0   10   44    0   626.0  156.0  1248.0 disorder  1448  1500
D  1  1418019730.099  1418019730.151   3.765898    0.00      inf      inf      inf   68   46   68    0    0    0    0    0   44    0   543.0  162.0  1188.0     open  1448  1500
D  1  1418019730.151  1418019730.199   0.000000    0.00      inf      inf      inf   68   46   68    0    0    0    0    0   44    0   543.0  162.0  1188.0     open  1448  1500
D  1  1418019730.199  1418019730.247   0.000000    0.00      inf      inf      inf   68   46   68    0    0    0    0    0   44    0   543.0  162.0  1188.0     open  1448  1500
D  1  1418019730.247  1418019730.295   0.000000    0.00      inf      inf      inf   68   46   78   10    0    0    0   19   44    0   521.5  162.0  1168.0 disorder  1448  1500
D  1  1418019730.295  1418019730.345   2.606553    0.00      inf      inf      inf   69   46   75   11    0    0    0   22   44    0   451.0   86.0  1096.0 disorder  1448  1500
D  1  1418019730.345  1418019730.399   3.654773    0.00      inf      inf      inf   69   46   77    8    0    0    0   16   44    0   436.5   38.0  1084.0 disorder  1448  1500
D  1  1418019730.399  1418019730.441   0.000000    0.00      inf      inf      inf   69   46   75    7    0    0    0   14   44    0   442.5   41.0  1088.0 disorder  1448  1500
D  1  1418019730.441  1418019730.495  11.016317    0.00      inf      inf      inf   69   46   77    8    0    0    0   16   44    0   327.0   64.0   972.0 disorder  1448  1500
D  1  1418019730.495  1418019730.542   4.180504    0.00      inf      inf      inf   69   46   71    2    0    0    0    5   44    0   239.0   69.0   884.0 disorder  1448  1500
