#      Time   UID       PID    %usr %system  %guest    %CPU   CPU  minflt/s  majflt/s     VSZ    RSS   %MEM   kB_rd/s   kB_wr/s kB_ccwr/s   cswch/s nvcswch/s  Command
 1455099034     0     31272    0.00    0.00    0.00    0.00     0      0.00      0.00   13716   9884   0.12      0.00      0.00      0.00      6.00      4.00  perl
 1455099035     0     31272    0.00    0.00    0.00    0.00     0      0.00      0.00   13716   9884   0.12      0.00      0.00      0.00      6.00      4.00  perl
 1455099036     0     31272   51.00   38.00    0.00   89.00     0     16.00      0.00   13716   9888   0.12      0.00      0.00      0.00     47.00     78.00  perl
 1455099037     0     31272   55.00   38.00    0.00   93.00     0      0.00      0.00   13716   9888   0.12      0.00      0.00      0.00     66.00     70.00  perl
 1455099038     0     31272   61.00   37.00    0.00   98.00     0      0.00      0.00   13716   9888   0.12      0.00      0.00      0.00     26.00     61.00  perl
 1455099039     0     31272   57.00   41.00    0.00   98.00     0      0.00      0.00   13716   9888   0.12      0.00      0.00      0.00     35.00     77.00  perl
 1455099040     0     31272   53.00   44.00    0.00   97.00     0      0.00      0.00   13716   9888   0.12      0.00      0.00      0.00     27.00     77.00  perl
 1455099041     0     31272   57.00   40.00    0.00   97.00     0      0.00      0.00   13716   9888   0.12      0.00      0.00      0.00     21.00     79.00  perl
 1455099042     0     31272   59.00   37.00    0.00   96.00     0      0.00      0.00   13716   9888   0.12      0.00      0.00      0.00     19.00     78.00  perl
 1455099043     0     31272   62.00   36.00    0.00   98.00     0      0.00      0.00   13716   9888   0.12      0.00      0.00      0.00     16.00     58.00  perl
 1455099044     0     31272   70.00   29.00    0.00   99.00     0      0.00      0.00   13716   9888   0.12      0.00      0.00      0.00     12.00     37.00  perl
 1455099045     0     31272   52.00   46.00    0.00   98.00     0      0.00      0.00   13716   9888   0.12      0.00      0.00      0.00     14.00     81.00  perl
 1455099046     0     31272   62.00   37.00    0.00   99.00     0      0.00      0.00   13716   9888   0.12      0.00      0.00      0.00     23.00     70.00  perl
 1455099047     0     31272   53.00   35.00    0.00   88.00     0      0.00      0.00   13716   9888   0.12      0.00      0.00      0.00     29.00     66.00  perl
 1455099048     0     31272   59.00   34.00    0.00   93.00     0      0.00      0.00   13716   9888   0.12      0.00      0.00      0.00     21.00     50.00  perl
 1455099049     0     31272   60.00   38.00    0.00   98.00     0      0.00      0.00   13716   9888   0.12      0.00      0.00      0.00     16.00     73.00  perl
 1455099050     0     31272   57.00   41.00    0.00   98.00     0      0.00      0.00   13716   9888   0.12      0.00      0.00      0.00     22.00     65.00  perl
 1455099051     0     31272   55.00   44.00    0.00   99.00     0      0.00      0.00   13716   9888   0.12      0.00      0.00      0.00     13.00     86.00  perl
 1455099052     0     31272   52.00   47.00    0.00   99.00     0      0.00      0.00   13716   9888   0.12      0.00      0.00      0.00     18.00     89.00  perl
 1455099053     0     31272   54.00   43.00    0.00   97.00     0      0.00      0.00   13716   9888   0.12      0.00      0.00      0.00     25.00     74.00  perl
 1455099054     0     31272   51.00   45.00    0.00   96.00     0      0.00      0.00   13716   9888   0.12      0.00      0.00      0.00     21.00     77.00  perl
 1455099055     0     31272   54.00   39.00    0.00   93.00     0      0.00      0.00   13716   9888   0.12      0.00      0.00      0.00     27.00     69.00  perl
 1455099056     0     31272   67.00   32.00    0.00   99.00     0      0.00      0.00   13716   9888   0.12      0.00      0.00      0.00     11.00     54.00  perl
 1455099057     0     31272   50.00   39.00    0.00   89.00     0      0.00      0.00   13716   9888   0.12      0.00      0.00      0.00     19.00     70.00  perl
 1455099058     0     31272   48.00   42.00    0.00   90.00     0      0.00      0.00   13716   9888   0.12      0.00      0.00      0.00     19.00     79.00  perl
 1455099059     0     31272   63.00   35.00    0.00   98.00     0      0.00      0.00   13716   9888   0.12      0.00      0.00      0.00     20.00     63.00  perl
 1455099060     0     31272   49.00   49.00    0.00   98.00     0      0.00      0.00   13716   9888   0.12      0.00      0.00      0.00     14.00     90.00  perl
 1455099061     0     31272   58.00   40.00    0.00   98.00     0      0.00      0.00   13716   9888   0.12      0.00      0.00      0.00     24.00     62.00  perl
 1455099062     0     31272   58.00   40.00    0.00   98.00     0      0.00      0.00   13716   9888   0.12      0.00      0.00      0.00     20.00     69.00  perl
 1455099063     0     31272   54.00   37.00    0.00   91.00     0      0.00      0.00   13716   9888   0.12      0.00      0.00      0.00     41.00     67.00  perl
 1455099064     0     31272   58.00   40.00    0.00   98.00     0      0.00      0.00   13716   9888   0.12      0.00      0.00      0.00     24.00     73.00  perl
 1455099065     0     31272   59.00   37.00    0.00   96.00     0      0.00      0.00   13716   9888   0.12      0.00      0.00      0.00     32.00     76.00  perl
 1455099066     0     31272   59.00   38.00    0.00   97.00     0      0.00      0.00   13716   9888   0.12      0.00      0.00      0.00     22.00     65.00  perl
 1455099067     0     31272   55.00   38.00    0.00   93.00     0      0.00      0.00   13716   9888   0.12      0.00      0.00      0.00     62.00     62.00  perl
 1455099068     0     31272   51.00   31.00    0.00   82.00     0      0.00      0.00   13716   9888   0.12      0.00      0.00      0.00     69.00     58.00  perl
 1455099069     0     31272   59.00   33.00    0.00   92.00     0      0.00      0.00   13716   9888   0.12      0.00      0.00      0.00     74.00     70.00  perl
 1455099070     0     31272   56.00   40.00    0.00   96.00     0      0.00      0.00   13716   9888   0.12      0.00      0.00      0.00     55.00     69.00  perl
 1455099071     0     31272   52.00   45.00    0.00   97.00     0      0.00      0.00   13716   9888   0.12      0.00      0.00      0.00     39.00     86.00  perl
 1455099072     0     31272   54.00   43.00    0.00   97.00     0      0.00      0.00   13716   9888   0.12      0.00      0.00      0.00     27.00     74.00  perl
 1455099073     0     31272   57.00   40.00    0.00   97.00     0      0.00      0.00   13716   9888   0.12      0.00      0.00      0.00     26.00     72.00  perl
 1455099074     0     31272   53.00   41.00    0.00   94.00     0      0.00      0.00   13716   9888   0.12      0.00      0.00      0.00     48.00     72.00  perl
 1455099075     0     31272   61.00   37.00    0.00   98.00     0      0.00      0.00   13716   9888   0.12      0.00      0.00      0.00     17.00     71.00  perl
 1455099076     0     31272   59.00   40.00    0.00   99.00     0      0.00      0.00   13716   9888   0.12      0.00      0.00      0.00     13.00     73.00  perl
 1455099077     0     31272   58.00   40.00    0.00   98.00     0      0.00      0.00   13716   9888   0.12      0.00      0.00      0.00     27.00     77.00  perl
 1455099078     0     31272   63.00   35.00    0.00   98.00     0      0.00      0.00   13716   9888   0.12      0.00      0.00      0.00     17.00     63.00  perl
 1455099079     0     31272   59.00   39.00    0.00   98.00     0      0.00      0.00   13716   9888   0.12      0.00      0.00      0.00     22.00     74.00  perl
 1455099080     0     31272   61.00   38.00    0.00   99.00     0      0.00      0.00   13716   9888   0.12      0.00      0.00      0.00     13.00     62.00  perl
 1455099081     0     31272   54.00   43.00    0.00   97.00     0      0.00      0.00   13716   9888   0.12      0.00      0.00      0.00     35.00     76.00  perl
 1455099082     0     31272   59.00   39.00    0.00   98.00     0      0.00      0.00   13716   9888   0.12      0.00      0.00      0.00     12.00     70.00  perl
 1455099083     0     31272   60.00   38.00    0.00   98.00     0      0.00      0.00   13716   9888   0.12      0.00      0.00      0.00     28.00     72.00  perl
 1455099084     0     31272   57.00   35.00    0.00   92.00     0      0.00      0.00   13716   9888   0.12      0.00      0.00      0.00     34.00     56.00  perl
 1455099085     0     31272   57.00   41.00    0.00   98.00     0      0.00      0.00   13716   9888   0.12      0.00      0.00      0.00     23.00     72.00  perl
 1455099086     0     31272   62.00   37.00    0.00   99.00     0      0.00      0.00   13716   9888   0.12      0.00      0.00      0.00     17.00     74.00  perl
 1455099087     0     31272   59.00   38.00    0.00   97.00     0      0.00      0.00   13716   9888   0.12      0.00      0.00      0.00     21.00     74.00  perl
 1455099088     0     31272   48.00   50.00    0.00   98.00     0      0.00      0.00   13716   9888   0.12      0.00      0.00      0.00     28.00     70.00  perl
 1455099089     0     31272   58.00   40.00    0.00   98.00     0      0.00      0.00   13716   9888   0.12      0.00      0.00      0.00     21.00     70.00  perl
 1455099090     0     31272   58.00   41.00    0.00   99.00     0      0.00      0.00   13716   9888   0.12      0.00      0.00      0.00     15.00     73.00  perl
 1455099091     0     31272   52.00   46.00    0.00   98.00     0      0.00      0.00   13716   9888   0.12      0.00      0.00      0.00     26.00     87.00  perl
 1455099092     0     31272   57.00   40.00    0.00   97.00     0      0.00      0.00   13716   9888   0.12      0.00      0.00      0.00     22.00     65.00  perl
 1455099093     0     31272   52.00   42.00    0.00   94.00     0      0.00      0.00   13716   9888   0.12      0.00      0.00      0.00     41.00     73.00  perl
 1455099094     0     31272   53.00   45.00    0.00   98.00     0      0.00      0.00   13716   9888   0.12      0.00      0.00      0.00     25.00     74.00  perl
 1455099095     0     31272   48.00   35.00    0.00   83.00     0      0.00      0.00   13716   9888   0.12      0.00      0.00      0.00     22.00     65.00  perl
 1455099096     0     31272    0.00    0.00    0.00    0.00     0      0.00      0.00   13716   9888   0.12      0.00      0.00      0.00      7.00      4.00  perl
 1455099097     0     31272    0.00    0.00    0.00    0.00     0      0.00      0.00   13716   9888   0.12      0.00      0.00      0.00      6.00      4.00  perl
